,0,1,2,3,4,5,6,7,8,9,10,11,12,13,14,15,16,17,18,19,20,21,22,23
0,Date,Location,MinTemp,MaxTemp,Rainfall,Evaporation,Sunshine,WindGustDir,WindGustSpeed,WindDir9am,WindDir3pm,WindSpeed9am,WindSpeed3pm,Humidity9am,Humidity3pm,Pressure9am,Pressure3pm,Cloud9am,Cloud3pm,Temp9am,Temp3pm,RainToday,RISK_MM,RainTomorrow
1,01-07-2008,Adelaide,8.8,15.7,5,1.6,2.6,NW,48,SW,W,13,15,92,67,1017.4,1017.7,0,0,13.5,14.9,1,0.8,0
2,02-07-2008,Adelaide,12.7,15.8,0.8,1.4,7.8,SW,35,SSW,SW,13,15,75,52,1022.4,1022.6,0,0,13.7,15.5,0,0,0
3,03-07-2008,Adelaide,6.2,15.1,0,1.8,2.1,W,20,NNE,SW,2,11,81,56,1027.8,1026.5,0,0,9.3,13.9,0,0,0
4,04-07-2008,Adelaide,5.3,15.9,0,1.4,8,NNE,30,NNE,NE,6,13,71,46,1028.7,1025.6,0,0,10.2,15.3,0,0,0
5,06-07-2008,Adelaide,11.3,15.7,0,0,1.5,NNW,52,NNE,NNW,15,22,62,62,1019.5,1016.2,0,0,13,14.4,0,16.2,1
6,07-07-2008,Adelaide,7.6,11.2,16.2,4.6,1.1,WSW,46,WNW,SW,17,13,83,88,1015.9,1017.9,0,0,9.8,9.3,1,17,1
7,08-07-2008,Adelaide,5.3,13.5,17,0.6,2.1,SW,43,SW,WSW,11,22,73,91,1025.8,1025.9,0,0,10.9,10.8,1,1.8,1
8,09-07-2008,Adelaide,8.4,14.3,1.8,1.6,0.8,NW,41,N,NW,9,19,90,64,1025.8,1022.7,0,0,10.8,13.5,1,9,1
9,10-07-2008,Adelaide,9.5,13.1,9,1.2,7.2,WSW,52,WSW,SW,24,20,54,66,1019.8,1019.6,0,0,10.9,11.2,1,0.2,0
10,13-07-2008,Adelaide,9.4,16.8,0,0,9.1,NNW,54,N,NNW,17,28,67,47,1011.2,1009.5,0,0,11.7,16.5,0,3.8,1
11,14-07-2008,Adelaide,10,15.4,3.8,7,0.5,N,48,W,W,15,19,85,72,1014,1015.4,0,0,13.2,15.2,1,4,1
12,15-07-2008,Adelaide,11.1,14.7,4,2.8,2.3,WSW,43,W,WSW,17,24,91,72,1020.4,1020.1,0,0,12,13,1,0.2,0
13,16-07-2008,Adelaide,6.3,14.1,0.2,1.6,3.8,NNW,39,NNE,N,7,19,74,52,1019.9,1015.3,0,0,10,13.9,0,0.2,0
14,17-07-2008,Adelaide,9.8,14.7,0.2,1.6,3.5,NW,44,N,NW,17,22,58,61,1009.8,1007.4,0,0,10.5,14.7,0,1.4,1
15,20-07-2008,Adelaide,9.9,12,0,0,0.3,N,46,N,ENE,26,11,67,91,1000.7,1000.4,0,0,10,9.6,0,6.8,1
16,21-07-2008,Adelaide,6.5,14.2,6.8,4,3.8,SSE,41,S,S,13,15,69,55,1021.2,1024.7,0,0,11.9,12.8,1,0,0
17,22-07-2008,Adelaide,6,13.8,0,1.2,3.3,SW,20,0,SSW,0,13,70,61,1032.8,1031.1,0,0,9.7,11.8,0,0,0
18,23-07-2008,Adelaide,5.4,14.2,0,1,9.2,ENE,19,ESE,NNW,7,9,49,36,1033.9,1029.8,0,0,10.7,13.7,0,0,0
19,24-07-2008,Adelaide,2.6,14.9,0,1.4,7.2,NNW,28,N,NNW,9,13,58,38,1027.5,1023.4,0,0,8.8,14.5,0,0,0
20,26-07-2008,Adelaide,7.1,13.8,0,0,9.5,SW,35,N,WSW,7,20,90,57,1019.1,1017.3,0,0,8.8,12.6,0,1.6,1
21,27-07-2008,Adelaide,2.8,11.8,1.6,0,8.1,WSW,37,NE,SW,7,15,85,58,1018.1,1016.2,0,0,6.9,11.1,1,0,0
22,28-07-2008,Adelaide,0.7,14,0,4.6,7.3,W,22,N,W,7,13,82,61,1024.1,1022.4,0,0,6.4,12.7,0,0,0
23,29-07-2008,Adelaide,4.9,13,0,0.8,0.1,NNW,56,NE,NNE,17,19,51,45,1017.9,1010.3,0,0,10.5,12.5,0,3.4,1
24,30-07-2008,Adelaide,8.5,16.1,3.4,1.4,7.2,WNW,28,NE,W,11,9,89,44,1013.7,1011.7,0,0,11.5,15.7,1,0.8,0
25,31-07-2008,Adelaide,7.6,19.3,0.8,1.8,5,W,69,NNE,NW,17,20,56,52,1006.8,1005.2,0,0,14.4,18.1,0,1.8,1
26,03-08-2008,Adelaide,7.2,18.1,0,0,5.6,NNW,39,NNE,NNW,15,19,54,37,1017.3,1012.4,0,0,11.8,17.8,0,8.2,1
27,04-08-2008,Adelaide,9,13.8,8.2,4.4,4.4,NW,31,N,S,9,6,92,92,1014.8,1015.8,0,0,10.1,11.7,1,16.2,1
28,05-08-2008,Adelaide,6.4,15,16.2,2.6,3.3,W,26,S,S,6,11,95,75,1025.5,1025.2,0,0,10.4,13.6,1,1.2,1
29,06-08-2008,Adelaide,7.4,11.9,1.2,0.4,0.5,WSW,48,N,N,17,13,90,92,1021.3,1016.8,0,0,10,9.5,1,11.2,1
30,07-08-2008,Adelaide,5.9,13.2,11.2,1.2,7,SW,43,SSW,WSW,9,17,70,52,1023.9,1024,0,0,9.6,11.9,1,0.8,0
31,10-08-2008,Adelaide,4.7,11.7,0,0,7.3,SSW,48,SSW,SW,13,24,76,63,1025.3,1025.6,0,0,7.7,10.7,0,22,1
32,11-08-2008,Adelaide,4.4,13.8,22,5,9.3,WSW,37,N,W,9,17,87,57,1028.2,1025.9,0,0,7.7,13.3,1,0.8,0
33,12-08-2008,Adelaide,6.8,14,0.8,1.6,5.6,WNW,46,NNW,W,11,17,92,67,1027,1025.6,0,0,9.9,13.2,0,2.2,1
34,13-08-2008,Adelaide,5.3,13.9,2.2,1.6,9.2,SW,28,N,SW,7,15,97,58,1031.9,1030.8,0,0,7.1,12.8,1,0,0
35,14-08-2008,Adelaide,5.8,12.8,0,2,0.8,SW,35,N,SW,7,20,78,55,1033.5,1030.3,0,0,8.9,12.2,0,1.6,1
36,16-08-2008,Adelaide,7.6,14.1,0,0,7.6,SW,33,S,SSW,6,11,90,75,1024.9,1024.7,0,0,10.7,13.2,0,6.2,1
37,17-08-2008,Adelaide,6.7,14.1,6.2,0,8.5,SW,39,SSW,SSW,4,17,89,47,1031.1,1029.6,0,0,9.9,13.8,1,0,0
38,18-08-2008,Adelaide,5.5,14.9,0,4.6,5.7,WSW,30,0,SW,0,13,85,55,1032.5,1030.8,0,0,10.6,13.9,0,0,0
39,19-08-2008,Adelaide,5.5,15.7,0,0.8,2,NW,39,NNW,NW,11,19,75,42,1029.9,1026,0,0,10,15.1,0,0,0
40,20-08-2008,Adelaide,7,17,0,1.8,5.1,WSW,43,NNE,NW,9,20,52,39,1023.5,1020.2,0,0,11.3,16.4,0,1.4,1
41,21-08-2008,Adelaide,8.3,13.4,1.4,2,5.8,SW,57,SSE,SSW,15,17,64,49,1021.9,1023.9,0,0,10,12.2,1,2,1
42,22-08-2008,Adelaide,3.3,12.7,2,1.6,8,WSW,37,S,SW,6,15,70,59,1032,1030.7,0,0,9.1,12.6,1,0.8,0
43,23-08-2008,Adelaide,3.2,14.1,0.8,0,3.6,WSW,24,N,SW,2,9,82,62,1034.1,1031.7,0,0,7.2,13.2,0,0,0
44,24-08-2008,Adelaide,2.4,15.1,0,0,7.4,NNW,20,N,WSW,6,13,68,51,1032.9,1029,0,0,9.2,13.5,0,0,0
45,25-08-2008,Adelaide,5.4,17.4,0,4.6,9.2,0,0,NNE,WNW,13,17,44,29,1024.3,1020.7,0,0,13.5,16.5,0,0,0
46,26-08-2008,Adelaide,3.6,17.5,0,2.2,10.3,WSW,31,NE,WSW,7,17,46,62,1024,1024.4,0,0,12.1,15.5,0,0,0
47,27-08-2008,Adelaide,5.7,15.5,0,2.6,10.2,ESE,28,ESE,E,9,13,49,41,1031.2,1028.6,0,0,12.1,14.9,0,0,0
48,28-08-2008,Adelaide,6.5,18.7,0,2.8,9.6,ESE,24,ENE,WSW,13,13,53,44,1028.7,1024.1,0,0,13.2,17.1,0,0,0
49,30-08-2008,Adelaide,10.4,18.6,0,0,0.5,N,48,NNE,NW,20,22,76,61,1006.5,1003.8,0,0,13.7,17.7,0,8.4,1
50,31-08-2008,Adelaide,9.6,15.2,8.4,0,6.2,WSW,50,NW,WSW,20,28,75,58,1013.1,1016.3,0,0,11.7,13.7,1,0.8,0
51,01-09-2008,Adelaide,6.9,17.1,0.8,5.8,2.8,NW,44,NNW,WNW,17,26,76,54,1022.1,1021,0,0,10.5,16.4,0,1,0
52,02-09-2008,Adelaide,9.1,16.8,1,1.6,9.3,WSW,30,SW,SW,7,15,68,39,1028.2,1028.2,0,0,13.8,16.1,0,0,0
53,03-09-2008,Adelaide,9.5,16.8,0,3.4,7.5,ESE,37,E,E,19,11,52,37,1033.1,1030.3,0,0,13.9,15.8,0,0,0
54,04-09-2008,Adelaide,7.5,17.5,0,3,10.3,ESE,35,E,ENE,17,9,36,36,1030.3,1025.6,0,0,14.2,16.2,0,0,0
55,05-09-2008,Adelaide,5.4,18.8,0,3.2,10.8,W,28,S,SW,6,13,60,34,1023.2,1020.2,0,0,12.5,18.2,0,0,0
56,07-09-2008,Adelaide,11.3,17,0,0,2.7,ESE,39,NNE,NNE,7,9,88,75,1021,1020.2,0,0,12.9,14.8,0,1,0
57,08-09-2008,Adelaide,8.3,18,1,7.6,10.8,SE,31,NNW,WSW,6,17,58,48,1026.8,1024.8,0,0,13.8,16.9,0,0,0
58,09-09-2008,Adelaide,5.8,19.8,0,2.8,10.9,WSW,22,NE,SW,9,13,49,29,1028.1,1023.8,0,0,14.1,19,0,0,0
59,10-09-2008,Adelaide,10.6,21.9,0,3.4,6.4,N,31,N,NNW,15,19,34,33,1020,1015,0,0,16.7,20,0,1,0
60,11-09-2008,Adelaide,13.9,24.9,1,3.4,8.3,N,41,N,NW,19,20,39,31,1009.4,1005,0,0,19.2,24.2,0,0,0
61,12-09-2008,Adelaide,10.6,21.3,0,4.4,9.4,WNW,44,NNW,WNW,11,20,78,46,1006.6,1005.1,0,0,14.3,20.5,0,0,0
62,14-09-2008,Adelaide,10.8,17.5,0,0,8.2,WSW,52,WNW,NW,24,26,68,44,1008.3,1005.9,0,0,13.6,16.6,0,2.8,1
63,15-09-2008,Adelaide,8.3,14.7,2.8,14.4,5,W,74,WNW,WSW,26,33,81,43,1005.2,1009.6,0,0,9.8,14.1,1,0.4,0
64,16-09-2008,Adelaide,7.7,15.3,0.4,3.6,6.4,SW,39,SW,WSW,13,13,68,44,1024.6,1024.3,0,0,10.8,14,0,0,0
65,17-09-2008,Adelaide,6.4,21,0,2.6,9.9,N,41,NNE,NNE,17,17,37,26,1022.8,1017.1,0,0,15.1,20.6,0,0,0
66,18-09-2008,Adelaide,14.9,24.8,0,5.4,6.8,NE,44,NE,WNW,13,20,21,15,1010.5,1007.4,0,0,17.8,24.6,0,0,0
67,19-09-2008,Adelaide,10.5,22.2,0,4.4,10.3,WNW,35,N,SW,11,13,51,54,1008.1,1009.1,0,0,18.4,19.2,0,1.6,1
68,20-09-2008,Adelaide,10.7,17.3,1.6,0,7,SW,43,W,WSW,22,20,72,47,1014.9,1016.3,0,0,14.7,16.2,1,0,0
69,21-09-2008,Adelaide,7.4,22.5,0,0,9.3,N,35,N,NW,17,19,55,30,1016.4,1010.4,0,0,14.6,22.1,0,0,0
70,22-09-2008,Adelaide,13.1,15,0,12,2.6,SW,65,SSW,SSW,22,20,67,63,1005.2,1011.6,0,0,14.6,11.3,0,6.2,1
71,23-09-2008,Adelaide,9.5,16.8,6.2,2.6,10.5,SW,35,W,SW,20,15,57,51,1024.7,1026.1,0,0,13.9,16.7,1,0,0
72,24-09-2008,Adelaide,6.4,19.4,0,3.4,9.4,NNE,28,NW,NW,9,13,58,38,1032.1,1027.5,0,0,13.7,19,0,0,0
73,25-09-2008,Adelaide,7.5,23.9,0,3,11,NNW,41,N,WNW,22,22,30,22,1025.2,1019.7,0,0,18.1,23.2,0,0,0
74,26-09-2008,Adelaide,14,28,0,5.6,11.5,NNW,39,N,NNW,15,17,18,11,1020.1,1016.2,0,0,21.3,27.3,0,0,0
75,27-09-2008,Adelaide,14.3,33.7,0,0,10,W,65,N,NNW,19,31,11,9,1012.2,1005.8,0,0,25.3,33.2,0,0,0
76,28-09-2008,Adelaide,12.4,19.1,0,0,6,SW,39,WSW,WSW,9,17,73,60,1020.3,1019,0,0,13.9,16.9,0,1.2,1
77,29-09-2008,Adelaide,9.1,16.7,1.2,16.4,11.4,WSW,31,S,W,9,19,47,40,1024.2,1022.2,0,0,14.8,15.7,1,0,0
78,30-09-2008,Adelaide,6.2,22.8,0,3.6,9.7,NE,39,NNE,NNE,13,11,41,25,1021.4,1015.6,0,0,15.1,22.1,0,0,0
79,01-10-2008,Adelaide,15,27.2,0,6.8,7.7,NNW,65,NNE,W,22,24,14,48,1006.9,1007.1,0,0,21.1,23.7,0,0,0
80,02-10-2008,Adelaide,15,24.8,0,4,8.6,W,28,WNW,W,7,13,67,38,1016,1012.1,0,0,16.8,23.9,0,0.4,0
81,06-10-2008,Adelaide,11.2,0,0,0,8.7,0,0,SW,SW,22,20,66,34,1021.3,1023.2,0,0,12.1,15.3,0,2.8,1
82,07-10-2008,Adelaide,0,16.4,2.8,14,3.9,0,0,0,WSW,0,19,0,47,0,1023.5,0,0,0,15.1,1,0.2,0
83,08-10-2008,Adelaide,7.6,18.1,0.2,2.6,8.5,WSW,30,NNE,W,6,19,91,48,1025.8,1024.9,0,0,11.1,16.7,0,1.2,1
84,09-10-2008,Adelaide,8.5,21.1,1.2,2.6,12,W,28,NNE,SW,4,15,60,41,1027.8,1024.6,0,0,14.3,20.5,1,0,0
85,10-10-2008,Adelaide,9.2,26.6,0,4.6,12.1,N,28,NE,NW,15,11,36,19,1026.1,1023.6,0,0,19.2,25.8,0,0,0
86,11-10-2008,Adelaide,10.7,29.1,0,0,12,NNW,35,WSW,NW,7,19,46,15,1023.7,1020.5,0,0,17.6,27.7,0,0.6,0
87,12-10-2008,Adelaide,13.4,31.9,0.6,0,8.8,NNW,54,N,NW,19,28,12,8,1015.7,1011,0,0,24.1,30.4,0,0,0
88,13-10-2008,Adelaide,13,19,0,19,11.1,SSW,39,SW,SW,17,19,54,40,1020.8,1021.2,0,0,14.6,18.5,0,0,0
89,14-10-2008,Adelaide,9,18.4,0,5,6.2,SW,37,SSE,SW,15,19,44,38,1027.2,1026.2,0,0,13.3,17.6,0,0,0
90,15-10-2008,Adelaide,8.3,19.8,0,4,10.7,WSW,35,SSW,SW,9,19,59,49,1029.2,1025.9,0,0,13.8,18.8,0,0,0
91,16-10-2008,Adelaide,9.5,25.5,0,4.4,12.1,SW,26,S,WSW,2,15,61,28,1025.1,1020.5,0,0,15.5,24.8,0,0,0
92,17-10-2008,Adelaide,12.8,31,0,5.2,12,N,30,N,W,6,13,33,13,1020.3,1017.3,0,0,22,30.5,0,0,0
93,18-10-2008,Adelaide,16,34.6,0,0,9.5,WNW,30,NE,WNW,11,19,17,5,1017.6,1016.1,0,0,25.6,33.8,0,0,0
94,19-10-2008,Adelaide,13.6,22.2,0,0,12.4,SSE,35,SSE,S,15,13,62,46,1023.1,1023.3,0,0,17.5,21.7,0,0,0
95,20-10-2008,Adelaide,10.4,20.7,0,18.8,0,SSE,33,SE,SSE,17,17,51,30,1029.3,1027.5,0,0,14.3,20.2,0,0,0
96,21-10-2008,Adelaide,9.4,20.3,0,5.4,12.6,SSE,35,SE,SSE,7,15,47,31,1030.9,1029.9,0,0,13.9,19.7,0,0,0
97,22-10-2008,Adelaide,9.5,20.7,0,5.6,10.6,SE,31,E,WSW,9,20,47,34,1032.5,1028.8,0,0,12.9,18.6,0,0,0
98,23-10-2008,Adelaide,11.2,26.6,0,4.4,5.1,ENE,26,0,NNW,0,6,54,14,1027.2,1023.1,0,0,15.7,24.5,0,0,0
99,24-10-2008,Adelaide,15.7,30.9,0,4.4,11.7,W,35,N,WNW,11,17,9,5,1019.8,1015.9,0,0,24.1,30.3,0,0,0
100,25-10-2008,Adelaide,17.6,34.7,0,0,3.5,NNW,41,NNE,N,17,17,5,6,1010.8,1006.5,0,0,26.4,33.7,0,0,0
101,26-10-2008,Adelaide,17.1,23.7,0,0,6.9,WNW,50,SSE,WNW,15,20,64,44,1006.2,1008.1,0,0,18.1,22.3,0,2.8,1
102,27-10-2008,Adelaide,13.6,20.1,2.8,20,5.5,W,35,SW,SSW,13,13,83,46,1016.7,1017.9,0,0,14.6,18.5,1,0,0
103,28-10-2008,Adelaide,9.1,24.1,0,3.2,12.8,ESE,43,NNW,E,7,13,53,34,1024.4,1020.8,0,0,15.4,22.3,0,0,0
104,29-10-2008,Adelaide,14.5,26.8,0,6.6,0,ESE,46,ENE,N,19,17,44,25,1018.5,1014.6,0,0,19.1,25.9,0,0,0
105,30-10-2008,Adelaide,18.7,29.8,0,0,12.2,SW,46,NNW,W,15,24,24,28,1009.1,1009.3,0,0,25.1,28.7,0,0,0
106,01-11-2008,Adelaide,12.8,26.2,0,0,0,E,39,E,ESE,19,11,56,34,1022.3,1018.1,0,0,15.7,23.8,0,1.4,1
107,02-11-2008,Adelaide,15.4,26.3,1.4,0,6.2,SW,44,E,WSW,11,24,82,55,1014,1012.9,0,0,18.8,23.7,1,0,0
108,03-11-2008,Adelaide,13.3,21.2,0,15.2,10,SSE,39,SSW,SE,15,20,50,39,1021.9,1020.1,0,0,14.8,19.9,0,0,0
109,04-11-2008,Adelaide,11.6,25.9,0,5.8,9,E,44,E,NE,13,9,54,26,1019.5,1012.9,0,0,15.1,25,0,0.8,0
110,05-11-2008,Adelaide,14.6,23.9,0.8,4.8,9.7,W,44,NW,SW,17,20,85,45,1009.7,1010.8,0,0,17.6,21,0,0,0
111,06-11-2008,Adelaide,12.2,29.5,0,6,8.6,NNE,50,NNE,WSW,6,7,51,17,1011.6,1007.3,0,0,18.7,28.8,0,0.2,0
112,07-11-2008,Adelaide,18.3,22.5,0.2,8,1.4,WNW,56,N,WNW,17,28,58,51,1001,1004.7,0,0,22.4,18.4,0,1.6,1
113,08-11-2008,Adelaide,12.5,19,1.6,0,4.7,WSW,48,WSW,SW,20,24,60,42,1013.1,1015.6,0,0,14.9,17.7,1,0.2,0
114,09-11-2008,Adelaide,12.7,22.7,0.2,0,9.2,NW,30,WSW,WSW,15,17,58,43,1021.5,1020.7,0,0,17,22.3,0,0,0
115,10-11-2008,Adelaide,11.3,28.6,0,13,12.9,WSW,24,W,W,6,13,57,25,1023.5,1020.4,0,0,18.8,27.2,0,0,0
116,11-11-2008,Adelaide,17.5,34.5,0,6.6,11.7,N,39,NNE,WNW,13,20,25,8,1017,1013.2,0,0,26.8,33.5,0,0,0
117,12-11-2008,Adelaide,24.1,36.6,0,11.4,9.9,E,44,NNE,N,15,17,12,7,1011.2,1006.5,0,0,31.3,36.2,0,0,0
118,13-11-2008,Adelaide,22.5,26.2,0,10.2,11.3,W,44,WSW,WSW,11,17,49,56,1006.6,1008.6,0,0,24.8,22,0,0,0
119,14-11-2008,Adelaide,14,20.7,0,5.6,11.1,SW,41,SSW,SW,15,22,60,42,1016.1,1015.7,0,0,16.4,19.8,0,0,0
120,15-11-2008,Adelaide,11.4,20.2,0,0,12.3,SW,43,S,SW,9,22,49,37,1020.6,1020.1,0,0,16.1,20.2,0,0,0
121,16-11-2008,Adelaide,11.8,23,0,0,9.2,ESE,39,E,ESE,11,15,56,32,1023.3,1019.4,0,0,15,21.3,0,0,0
122,17-11-2008,Adelaide,12.6,27.8,0,16.4,10.8,ESE,41,E,ENE,9,9,30,15,1017.2,1012.5,0,0,19.1,26.3,0,1.4,1
123,18-11-2008,Adelaide,15.7,22.2,1.4,7.2,0.8,ESE,41,SE,ESE,11,13,59,40,1012.7,1009.5,0,0,17.2,21.8,1,0,0
124,19-11-2008,Adelaide,16.8,25.1,0,5.2,1.1,0,0,WNW,SW,2,15,47,49,1007.6,1006.1,0,0,18.8,21,0,0.6,0
125,20-11-2008,Adelaide,13.8,20.5,0.6,3.4,8.8,WSW,35,S,SW,15,19,62,41,1010.4,1008.4,0,0,15.6,19.9,0,0,0
126,21-11-2008,Adelaide,12.7,19.9,0,6.2,4.3,SW,54,WSW,SW,13,31,50,60,1005.2,1003.5,0,0,16.6,16.9,0,5,1
127,22-11-2008,Adelaide,8.1,17.1,5,0,10.7,SW,54,SSW,SW,20,28,50,46,1009.4,1009.3,0,0,12.5,15,1,0,0
128,23-11-2008,Adelaide,8.7,22.3,0,0,12.1,WSW,39,SSW,WSW,9,20,49,38,1013.1,1007.8,0,0,14.8,20.9,0,0,0
129,24-11-2008,Adelaide,14.1,28.3,0,15.4,11.5,ESE,44,WSW,SW,11,13,48,26,1009.8,1006.1,0,0,18.4,26.7,0,0,0
130,25-11-2008,Adelaide,18.3,31.5,0,9.8,8.1,ESE,50,ENE,NNE,19,17,26,12,1007.8,1005.5,0,0,21.7,30.1,0,0,0
131,26-11-2008,Adelaide,17.3,27.9,0,7.2,12.5,WNW,33,N,WSW,7,17,45,31,1005.7,1005,0,0,23.7,26.7,0,0,0
132,27-11-2008,Adelaide,16.2,25.2,0,7.6,7.7,WSW,37,N,SW,9,20,63,47,1005.1,1004.7,0,0,19.2,22.5,0,2.6,1
133,28-11-2008,Adelaide,14.2,20.3,2.6,3.6,4.9,WSW,41,ENE,SSW,6,15,70,51,1005.3,1007.2,0,0,17.3,18.6,1,0,0
134,29-11-2008,Adelaide,11.6,21,0,0,13.3,WSW,41,SW,WSW,17,24,57,33,1014.3,1014.7,0,0,16.3,20.5,0,0,0
135,30-11-2008,Adelaide,11.4,25.2,0,9.6,11.1,SW,41,NNW,W,13,22,60,27,1013.7,1010.6,0,0,16.9,24.2,0,0,0
136,01-12-2008,Adelaide,12.6,21.3,0,6.8,9.6,WSW,33,WSW,SW,20,17,46,44,1012.8,1012.1,0,0,17.1,20.2,0,0,0
137,02-12-2008,Adelaide,13,23.2,0,5.4,11.3,SW,35,WNW,W,13,17,62,33,1013.1,1010.8,0,0,17.3,22.7,0,0,0
138,03-12-2008,Adelaide,13.8,23.8,0,6,11,WNW,30,SW,WSW,11,15,57,39,1013.7,1013.7,0,0,17.5,22.3,0,0,0
139,04-12-2008,Adelaide,16.7,25,0,6,0.1,N,48,NE,N,22,19,31,56,1010.4,1008.4,0,0,21.9,22.7,0,1,0
140,05-12-2008,Adelaide,18,23.2,1,2.2,3.5,WNW,37,W,W,22,22,65,52,1010.8,1011,0,0,19.1,22.5,0,0,0
141,06-12-2008,Adelaide,13.2,23.1,0,0,6,SW,33,S,SW,4,13,75,60,1011.9,1011.3,0,0,17.7,19.7,0,0,0
142,07-12-2008,Adelaide,12.5,20.8,0,0,10.2,SW,43,SSW,WSW,13,20,49,40,1016.7,1014.9,0,0,14.7,19.5,0,0,0
143,08-12-2008,Adelaide,9.4,29.3,0,14.4,11.6,NW,31,N,W,11,9,43,16,1014.9,1009.1,0,0,17,27.1,0,1.4,1
144,09-12-2008,Adelaide,16.7,26.2,1.4,6.6,7.4,ESE,39,NE,ESE,11,22,55,37,1001.9,1003.6,0,0,22.6,25.1,1,0,0
145,10-12-2008,Adelaide,14.2,28,0,6.4,12.5,SE,48,E,SE,13,13,56,35,1010.8,1008.9,0,0,19.3,25.6,0,0,0
146,11-12-2008,Adelaide,18.3,29.3,0,8.2,5.3,ESE,41,NE,NE,11,17,31,22,1010,1007.4,0,0,22.8,27.6,0,9.8,1
147,12-12-2008,Adelaide,17.3,20.7,9.8,4,0,WSW,43,0,SW,0,19,95,97,1001.5,994.7,0,0,18.7,18.3,1,23.6,1
148,13-12-2008,Adelaide,14.7,19.8,23.6,0,3.1,SW,41,SW,S,17,13,78,60,1006.9,1008.6,0,0,16.7,18.4,1,0.6,0
149,14-12-2008,Adelaide,12.1,20.4,0.6,0,7,WSW,41,SSW,S,15,13,60,63,1014.2,1014.7,0,0,14.9,16.5,0,0,0
150,15-12-2008,Adelaide,9.8,24.3,0,13.2,12.3,WSW,28,NNW,WSW,11,15,57,38,1016.3,1014.4,0,0,16,21.8,0,0,0
151,16-12-2008,Adelaide,15.5,25.9,0,6.4,7.5,SW,26,W,WSW,7,9,65,43,1015.5,1012,0,0,18.4,25.1,0,0,0
152,17-12-2008,Adelaide,18,29.3,0,5.6,8.7,WSW,24,NE,WSW,9,9,51,36,1009.7,1005.6,0,0,22.3,27.9,0,0,0
153,18-12-2008,Adelaide,16,22.6,0,6,10.7,SW,46,SW,SW,20,26,71,49,1010.2,1011.1,0,0,17.3,21.4,0,0,0
154,19-12-2008,Adelaide,11.1,24.1,0,7,12.2,ESE,39,SE,SE,15,17,46,29,1018.2,1016.5,0,0,16.7,23.3,0,0,0
155,20-12-2008,Adelaide,15.7,30.5,0,0,12.6,ESE,43,ENE,ENE,17,11,33,21,1018.9,1015,0,0,21.1,28.3,0,0,0
156,21-12-2008,Adelaide,21.1,34.5,0,0,8.2,N,43,ENE,N,15,19,20,9,1011.4,1007.5,0,0,24.9,33.7,0,0,0
157,22-12-2008,Adelaide,19.1,24.8,0,27.2,5,NW,39,WNW,SW,17,13,64,56,1009.5,1010.5,0,0,21,23.8,0,0,0
158,23-12-2008,Adelaide,16.2,27,0,4.6,8.3,SW,35,S,S,11,9,59,35,1016.3,1013.2,0,0,17.4,25.4,0,0,0
159,24-12-2008,Adelaide,14.3,30.1,0,6.4,13.8,WNW,28,N,SW,9,13,42,20,1012.9,1012.5,0,0,21.4,29.8,0,0,0
160,25-12-2008,Adelaide,15.6,30.8,0,0,4.6,WSW,28,NE,N,4,7,52,26,1013.4,1010.9,0,0,21.9,30.2,0,0,0
161,26-12-2008,Adelaide,18,33.6,0,0,13.4,W,22,SW,W,7,11,40,21,1009.7,1006.2,0,0,25.3,32.5,0,2.6,1
162,27-12-2008,Adelaide,18.5,25.3,2.6,20.8,12,W,31,SW,WSW,11,15,69,45,1009.2,1007.9,0,0,20.7,24,1,0,0
163,28-12-2008,Adelaide,18,24.3,0,0,3.3,SW,39,W,WSW,19,17,63,61,1008.7,1007.6,0,0,19.8,23.1,0,0,0
164,29-12-2008,Adelaide,15.4,22.8,0,12.8,9.3,WSW,37,S,SW,15,15,46,39,1013.2,1012.5,0,0,17.2,21,0,0.2,0
165,30-12-2008,Adelaide,16.9,23.1,0.2,0,7,SW,54,WSW,WSW,22,26,88,52,1011.2,1010.5,0,0,17.4,22.4,0,1.2,1
166,31-12-2008,Adelaide,15.8,23.3,1.2,11.8,9,WSW,30,WSW,W,15,9,61,41,1010.6,1009,0,0,17.8,22.4,1,0,0
167,01-01-2009,Adelaide,16.9,22.9,0,0,10.9,SW,50,SW,SW,17,20,58,40,1011.3,1012.4,0,0,18.1,22.5,0,0,0
168,02-01-2009,Adelaide,13.9,24.1,0,14.2,12.6,SE,37,SSE,ESE,17,13,39,25,1020.9,1018.5,0,0,16.1,22.7,0,0,0
169,03-01-2009,Adelaide,13.8,29.1,0,0,12.7,SW,30,E,SW,9,13,26,15,1017.6,1014.7,0,0,21.9,28.2,0,0,0
170,04-01-2009,Adelaide,15.1,33.3,0,0,12,W,31,NNE,SW,2,13,25,7,1013.8,1012.2,0,0,24.2,32.2,0,0,0
171,05-01-2009,Adelaide,14.6,30.5,0,24.6,13.3,SW,26,WSW,SW,4,15,28,22,1015,1013.2,0,0,22.3,29.2,0,0,0
172,06-01-2009,Adelaide,15.2,31,0,8.2,13.3,WSW,31,N,0,6,0,25,0,1012,0,0,0,23.1,0,0,0.2,0
173,07-01-2009,Adelaide,16,25.1,0.2,8.2,9.1,SW,48,S,WSW,11,22,75,43,1013.3,1013.5,0,0,18.5,24.3,0,0,0
174,08-01-2009,Adelaide,14.3,23.8,0,7.4,12.7,SE,37,SE,SSE,17,22,45,30,1019.9,1019.2,0,0,17.6,23.2,0,0,0
175,09-01-2009,Adelaide,13.8,26,0,8,9.5,ESE,54,SE,WSW,6,13,36,27,1018.6,1014.8,0,0,18.7,25,0,0,0
176,10-01-2009,Adelaide,13.3,28.7,0,0,12.6,SW,35,WSW,WSW,2,22,46,29,1012.4,1009.6,0,0,19.5,27.7,0,0,0
177,11-01-2009,Adelaide,14.4,28.4,0,0,12.5,SW,41,W,WSW,6,20,52,32,1012.8,1010.7,0,0,18.8,27.1,0,0,0
178,12-01-2009,Adelaide,14.5,35.2,0,22.6,12.4,N,28,SW,SW,6,11,44,20,1016.8,1013.2,0,0,21.2,33.1,0,0,0
179,13-01-2009,Adelaide,21.1,41.3,0,10.2,10.7,NW,54,N,NW,19,30,11,4,1010,1007.1,0,0,32.7,40,0,0,0
180,14-01-2009,Adelaide,20,32.3,0,12.6,12.8,W,35,N,WSW,7,20,57,35,1011.7,1009.8,0,0,23.8,30.8,0,0,0
181,15-01-2009,Adelaide,15.1,25.2,0,10,11.3,SW,48,S,WSW,11,28,55,41,1018.8,1018.3,0,0,19,24.6,0,0,0
182,16-01-2009,Adelaide,14.4,27.6,0,7.4,12.6,SSE,35,S,S,13,17,52,28,1022.7,1021.1,0,0,19.2,26.3,0,0,0
183,17-01-2009,Adelaide,13.3,27.2,0,0,12.9,W,31,E,SW,11,20,41,35,1023.8,1020.6,0,0,16.8,23.7,0,0,0
184,18-01-2009,Adelaide,16.5,32.9,0,0,13,SE,33,SW,SW,6,13,22,15,1018.8,1014.9,0,0,25.6,32.3,0,0,0
185,19-01-2009,Adelaide,19,38.5,0,24.8,13.1,W,35,NNW,SW,7,19,19,7,1011.7,1008.8,0,0,28.2,36.7,0,0,0
186,20-01-2009,Adelaide,19.4,36.9,0,11.4,11.9,SW,39,NW,WSW,6,19,19,0,1007.3,1007.6,0,0,28.5,35.7,0,0,0
187,21-01-2009,Adelaide,17.4,29,0,9.2,11.8,SW,30,WNW,WSW,6,17,49,25,1011.3,1008.2,0,0,21.7,27.4,0,0,0
188,22-01-2009,Adelaide,18.4,27.6,0,7.4,11,WNW,52,NNW,WSW,19,20,55,55,1002.8,1004.7,0,0,22.4,24.8,0,0,0
189,23-01-2009,Adelaide,14.3,27.6,0,7.6,11.7,WNW,46,N,WNW,17,22,47,32,1008.1,1005.5,0,0,19.2,26.6,0,1,0
190,24-01-2009,Adelaide,17.7,24.4,1,0,12.4,WSW,59,SW,WSW,19,17,48,41,1013.1,1013.6,0,0,18.8,22.9,0,0,0
191,25-01-2009,Adelaide,13.9,30.4,0,0,12.9,WSW,28,SSW,W,7,13,53,21,1018,1016.5,0,0,19.8,29.7,0,0,0
192,26-01-2009,Adelaide,16.9,36.6,0,0,13.2,SE,24,SW,ENE,7,7,42,15,1019.9,1015.9,0,0,22,35.1,0,0,0
193,27-01-2009,Adelaide,21.2,43.2,0,32.2,12,N,30,NNE,WSW,7,15,16,5,1013.4,1009.9,0,0,32.4,42,0,0,0
194,28-01-2009,Adelaide,30.7,45.7,0,13,12.5,NE,35,N,WNW,11,22,10,7,1007.5,1005.3,0,0,38.3,43.9,0,0,0
195,29-01-2009,Adelaide,33.9,43.4,0,14.6,12.9,NNW,50,N,WNW,19,24,16,11,1009,1007.5,0,0,37.3,42.4,0,0,0
196,30-01-2009,Adelaide,29.4,43.1,0,13.8,13.1,ESE,48,NE,W,11,15,17,12,1010.5,1007.2,0,0,36.3,42.2,0,0,0
197,31-01-2009,Adelaide,27.5,41.1,0,14.4,0,SE,69,NW,WSW,9,17,38,12,1012,1010.5,0,0,31.4,40.2,0,0,0
198,01-02-2009,Adelaide,25.9,40.6,0,0,10,SE,65,SSE,SSW,7,17,41,24,1012.8,1010.2,0,0,29.9,37.4,0,0,0
199,02-02-2009,Adelaide,28.3,38.8,0,24,11,SE,56,SSW,SE,2,24,32,22,1011.3,1009.2,0,0,31.4,36.4,0,0,0
200,03-02-2009,Adelaide,21.5,36.3,0,11.4,13,W,35,WNW,WSW,4,17,49,29,1010.8,1007.7,0,0,25.7,34.5,0,0,0
201,04-02-2009,Adelaide,19.3,33,0,8.6,13.1,SW,24,NNW,WSW,2,13,49,34,1008.1,1006,0,0,24.5,31.9,0,0,0
202,05-02-2009,Adelaide,19.1,35.6,0,8.6,12.8,SW,39,NW,SW,2,24,67,27,1008,1007.6,0,0,23.9,33.5,0,0,0
203,06-02-2009,Adelaide,21,43.9,0,8.8,12.1,NW,31,S,WNW,2,13,38,15,1006.8,1003.5,0,0,28.8,41.4,0,0,0
204,07-02-2009,Adelaide,25.8,41.5,0,0,11.6,NNW,70,N,SSW,19,22,12,29,1000.8,1004.4,0,0,37.4,33.8,0,0.8,0
205,08-02-2009,Adelaide,18.6,24.8,0.8,0,4.3,SSE,35,SSE,SSE,15,20,65,37,1013.7,1015.7,0,0,20.2,23.3,0,0,0
206,09-02-2009,Adelaide,14.7,23.3,0,27.6,12.2,SSE,43,SE,SSE,11,24,47,33,1020,1018.1,0,0,17.1,22.8,0,0,0
207,10-02-2009,Adelaide,13.7,21.1,0,9.4,6.4,SSE,43,S,SSW,13,17,54,33,1021.5,1020.3,0,0,16,19.2,0,0,0
208,11-02-2009,Adelaide,13.2,21.3,0,5,7.3,SSE,46,ESE,SE,11,20,49,35,1023.7,1021.5,0,0,14.7,20,0,0,0
209,12-02-2009,Adelaide,12.5,23.8,0,4.8,12.7,SSE,43,SE,SSE,13,19,56,24,1023.1,1020.3,0,0,15.7,22.8,0,0,0
210,13-02-2009,Adelaide,15.2,28.8,0,7,12.7,0,0,ESE,SE,19,22,43,21,1021.9,1019.4,0,0,18.9,27.2,0,0,0
211,14-02-2009,Adelaide,18.3,31.3,0,0,12.3,SSE,48,ENE,SW,11,20,36,31,1020.6,1018,0,0,24.2,27.7,0,0,0
212,15-02-2009,Adelaide,17.2,30,0,0,11.7,W,35,SSW,W,7,20,58,36,1017.8,1014.8,0,0,19.7,27.6,0,0,0
213,16-02-2009,Adelaide,18.8,31.7,0,24.8,12.5,WSW,37,N,W,4,20,47,34,1016.1,1012.8,0,0,23.1,29.9,0,0,0
214,17-02-2009,Adelaide,20.9,34.2,0,9.4,11.8,ESE,39,NE,SW,11,20,30,23,1012.8,1010.2,0,0,27.4,32.3,0,0,0
215,18-02-2009,Adelaide,22.2,35.4,0,9.4,12.5,ESE,31,NNE,W,9,17,25,17,1010.6,1007.6,0,0,28,34.3,0,0,0
216,19-02-2009,Adelaide,20.6,33,0,8.4,7.8,WSW,39,NNE,SSW,9,19,24,54,1008.6,1009.3,0,0,27.5,25.4,0,0,0
217,20-02-2009,Adelaide,16.3,24.9,0,7.8,9,SW,39,S,SSW,11,19,50,49,1017,1017,0,0,19.9,22.8,0,0,0
218,21-02-2009,Adelaide,16.8,26.4,0,0,12,SSE,41,ESE,SSE,13,19,55,37,1020.6,1017.6,0,0,19.1,25.3,0,0,0
219,22-02-2009,Adelaide,14.5,31.4,0,0,12.5,WSW,31,ESE,W,2,17,59,23,1016.3,1012.7,0,0,19.6,29.3,0,0,0
220,23-02-2009,Adelaide,17.3,27.6,0,18.8,11.3,SW,46,N,SW,2,24,42,45,1012.3,1013.6,0,0,22,26.7,0,0,0
221,24-02-2009,Adelaide,13,27.4,0,7.6,11.3,E,37,N,NE,6,13,47,20,1020.2,1017.1,0,0,16.7,25.1,0,0,0
222,25-02-2009,Adelaide,16.4,32.4,0,7.2,12.3,ESE,35,NE,SW,13,9,23,14,1017.1,1015.3,0,0,22.6,31.7,0,0,0
223,26-02-2009,Adelaide,22.5,38.7,0,9.8,12.1,NE,33,NNE,NNW,15,9,15,8,1014.7,1011,0,0,26.4,36.8,0,0,0
224,27-02-2009,Adelaide,26.3,32.2,0,9.6,11,SW,41,NNE,SW,9,20,10,38,1011.3,1011.6,0,0,29.2,29.3,0,0,0
225,28-02-2009,Adelaide,14.4,29.5,0,7.6,11.9,SSE,31,N,SSW,6,15,64,23,1016,1013.1,0,0,18.2,29,0,0,0
226,01-03-2009,Adelaide,15.2,24,0,0,5.2,W,28,W,WSW,4,17,62,46,1015.7,1014.4,0,0,17.1,21.7,0,0,0
227,02-03-2009,Adelaide,17.1,28.7,0,11.8,1,NE,46,NNW,NE,9,7,51,44,1011.5,1008.6,0,0,20.7,26.8,0,1.6,1
228,03-03-2009,Adelaide,20.7,23.8,1.6,3.4,0.6,WSW,54,NW,WSW,6,24,76,76,1003,1009.7,0,0,23.7,17.9,1,10.2,1
229,04-03-2009,Adelaide,14.1,21.1,10.2,3.4,6.4,WSW,59,WSW,WSW,24,31,55,52,1020.1,1021.2,0,0,17,19.6,1,0.4,0
230,05-03-2009,Adelaide,13.9,21.3,0.4,4.4,5.8,SW,37,S,WSW,11,19,73,65,1023.4,1022,0,0,16.7,20.1,0,0,0
231,06-03-2009,Adelaide,14.6,22.1,0,3.6,5.5,WSW,26,NE,SSW,2,6,73,61,1019.7,1016.9,0,0,17,20.1,0,0,0
232,07-03-2009,Adelaide,13.4,24.4,0,0,8.2,SSE,35,N,SSE,4,7,69,44,1017.8,1015.8,0,0,17.5,22.9,0,0,0
233,08-03-2009,Adelaide,15,26.9,0,0,11.8,ESE,39,S,SSE,6,13,51,31,1019.3,1017.1,0,0,17.7,25.4,0,0,0
234,09-03-2009,Adelaide,15.1,29.6,0,0,11.9,SSE,30,NNW,SW,6,13,42,26,1018.8,1016.4,0,0,20.6,28.3,0,0,0
235,10-03-2009,Adelaide,15.9,29.4,0,16.6,11.3,0,0,S,SW,6,15,59,42,1017.6,1015.4,0,0,19.2,27.2,0,0,0
236,11-03-2009,Adelaide,17.4,28,0,5,10.6,0,0,ENE,WSW,7,17,64,41,1017,1014.3,0,0,19.9,27.1,0,0,0
237,12-03-2009,Adelaide,16.9,30.1,0,5.4,10.7,WSW,33,0,SW,0,13,53,34,1015.9,1013.6,0,0,21.4,29.3,0,0,0
238,13-03-2009,Adelaide,16.9,32.7,0,7,11.3,W,28,0,WSW,0,15,47,20,1015.8,1013.4,0,0,22.4,32.2,0,0.4,0
239,14-03-2009,Adelaide,17.9,22,0.4,0,9.7,WSW,56,SW,WSW,15,30,71,49,1014,1015.1,0,0,18.9,20.2,0,0.2,0
240,15-03-2009,Adelaide,15.1,19.8,0.2,0,3.3,WSW,39,SW,WSW,15,20,67,72,1018.3,1017.7,0,0,15.9,17.5,0,6,1
241,16-03-2009,Adelaide,14.3,20,6,14.8,3.2,WSW,41,S,WSW,4,22,90,54,1018.6,1018.4,0,0,15.2,19.2,1,0.4,0
242,17-03-2009,Adelaide,14.5,22.6,0.4,3,9.8,SW,30,ESE,WSW,6,13,60,49,1021.2,1017.8,0,0,15.7,21.6,0,0,0
243,18-03-2009,Adelaide,12.2,28.4,0,4.4,8.7,NW,35,NE,NW,13,20,41,23,1015.1,1012.2,0,0,19.8,27.7,0,0,0
244,19-03-2009,Adelaide,16.7,26.1,0,4.8,11.4,WSW,30,NNE,SW,7,15,36,52,1013.1,1013.7,0,0,21.6,24.4,0,0,0
245,20-03-2009,Adelaide,12.5,29.8,0,4.6,10.9,WSW,24,0,SW,0,13,69,33,1015.8,1011.6,0,0,16.4,27.7,0,0,0
246,21-03-2009,Adelaide,16.4,35,0,0,6.4,NNW,57,NNE,NNW,9,17,30,19,1009.4,1007.5,0,0,26.9,33.7,0,0,0
247,22-03-2009,Adelaide,15,22.1,0,0,11.2,WSW,41,SSE,WSW,13,22,60,34,1017,1015.6,0,0,17,21.1,0,0,0
248,23-03-2009,Adelaide,11.6,24.1,0,17.8,11.1,W,28,0,WSW,0,19,60,39,1017.8,1014.2,0,0,14.8,22.6,0,0.6,0
249,24-03-2009,Adelaide,14.8,22.8,0.6,3.4,0.2,E,30,NNE,NNE,7,7,81,49,1015.9,1014.5,0,0,16.7,21.8,0,1.6,1
250,25-03-2009,Adelaide,16.3,25.6,1.6,1,11.2,WSW,26,NE,WSW,6,15,67,56,1015.8,1016.2,0,0,19.2,24.1,1,0,0
251,26-03-2009,Adelaide,16.2,24.6,0,4,10.5,WSW,43,S,WSW,11,26,70,48,1023.4,1023.3,0,0,19,23.8,0,0,0
252,27-03-2009,Adelaide,10.8,23.6,0,6,11.2,SW,24,ENE,SW,7,13,62,43,1027.7,1025.1,0,0,14.7,23,0,0,0
253,28-03-2009,Adelaide,10.2,29.3,0,0,11.4,WSW,22,NE,SW,2,13,59,16,1023.4,1020.3,0,0,15,27.5,0,0,0
254,29-03-2009,Adelaide,11.4,31.6,0,0,11.3,SE,41,0,WSW,0,17,49,15,1021.2,1019.1,0,0,15.4,29.6,0,0,0
255,30-03-2009,Adelaide,15.4,32,0,16,11.1,SE,37,SW,SE,6,15,50,18,1021.8,1019.4,0,0,20.4,31,0,0,0
256,31-03-2009,Adelaide,20.4,33.1,0,7,11.1,ESE,41,E,WSW,13,17,24,16,1019.4,1016.7,0,0,25.2,32.4,0,0,0
257,01-04-2009,Adelaide,19.3,34.1,0,7,11,N,31,NE,N,11,15,37,18,1017.8,1015.6,0,0,25.3,33,0,0,0
258,02-04-2009,Adelaide,21,33.9,0,7,9.4,NNW,35,SSE,NW,6,19,48,21,1017.6,1015.7,0,0,23.3,33.4,0,0,0
259,03-04-2009,Adelaide,16.4,21.7,0,6.2,8.3,SW,46,S,SW,7,26,62,58,1022,1021.2,0,0,16.5,19.8,0,0,0
260,04-04-2009,Adelaide,11.8,20.3,0,0,7.3,SW,35,SSE,WSW,9,17,59,46,1026.9,1025.1,0,0,15.5,18.8,0,4.6,1
261,05-04-2009,Adelaide,14.8,21,4.6,0,7.5,SW,37,SSW,SW,9,20,80,62,1024.6,1022.8,0,0,16.6,19.2,1,0,0
262,06-04-2009,Adelaide,13.8,17.8,0,12,1.1,SSE,33,SSE,SE,11,11,47,47,1029.5,1027.9,0,0,15.9,16.8,0,0,0
263,07-04-2009,Adelaide,12.5,21.2,0,3,9.4,SE,35,SE,SSE,13,15,57,40,1031.9,1028.3,0,0,15.4,20.6,0,0,0
264,08-04-2009,Adelaide,11.6,22.6,0,3.4,10.9,SSE,30,NW,W,6,15,63,49,1029.1,1025.1,0,0,16,20.7,0,0,0
265,09-04-2009,Adelaide,10.2,22.3,0,5.8,10.7,SW,26,SSW,WSW,4,15,64,44,1023,1019.2,0,0,16.4,21.6,0,0,0
266,10-04-2009,Adelaide,9.4,22,0,0,10.7,SW,28,0,WSW,0,15,69,49,1021.6,1019.7,0,0,16.6,21.9,0,0,0
267,11-04-2009,Adelaide,9.8,25.3,0,0,10.8,SW,22,0,WSW,0,13,56,29,1023.3,1020.7,0,0,17.8,24.6,0,0,0
268,12-04-2009,Adelaide,10.5,28.7,0,0,10.9,NW,24,S,WSW,4,9,41,14,1022.1,1019.3,0,0,20.1,28.2,0,0,0
269,13-04-2009,Adelaide,11.3,28.5,0,0,10.5,NNW,26,NNW,WSW,7,13,25,16,1019.8,1016.2,0,0,21,26.9,0,0,0
270,14-04-2009,Adelaide,14.1,24.9,0,17.2,9.9,SW,26,N,NW,7,9,73,40,1016.3,1012.4,0,0,17.5,24,0,0,0
271,15-04-2009,Adelaide,14.7,18.9,0,3.4,8,SW,56,SW,WSW,22,17,50,40,1015.7,1015,0,0,16.1,18.2,0,0,0
272,16-04-2009,Adelaide,11.5,20.8,0,3.8,3.1,W,37,N,WNW,9,20,62,58,1015.2,1013.8,0,0,15,19.5,0,0.4,0
273,17-04-2009,Adelaide,15,21.7,0.4,2,3,SW,24,W,SW,13,7,70,48,1019.4,1019.3,0,0,18.4,21,0,0,0
274,18-04-2009,Adelaide,11.8,22.3,0,0,8.9,WSW,33,ENE,WSW,2,20,60,56,1025,1023,0,0,18.1,20.9,0,0,0
275,19-04-2009,Adelaide,12.1,22.9,0,0,10.7,SE,28,ESE,ESE,4,15,58,42,1025,1020.4,0,0,18.5,22.4,0,0,0
276,20-04-2009,Adelaide,11.4,26.1,0,9,8.8,SW,22,S,WSW,2,13,62,41,1020.7,1017,0,0,18.1,24.7,0,0,0
277,21-04-2009,Adelaide,14.8,27.4,0,3,2.6,NNE,28,NE,NNE,15,13,33,23,1020.3,1017.7,0,0,21.5,25.4,0,0,0
278,22-04-2009,Adelaide,14.5,28.5,0,3.8,10.4,NE,35,NE,SW,13,15,31,22,1019.7,1015.8,0,0,21.7,26.6,0,0,0
279,23-04-2009,Adelaide,21.3,22.2,0,6.2,0,N,48,NNE,NE,17,22,32,69,1010.6,1004.9,0,0,22.2,18,0,28.8,1
280,24-04-2009,Adelaide,13.1,17.8,28.8,0.6,2.4,W,54,NW,SW,7,17,94,71,1002.3,1004,0,0,14.4,16.9,1,8.4,1
281,25-04-2009,Adelaide,14.4,18.4,8.4,0,1.8,W,78,NNW,WSW,13,30,94,73,1003.6,1000.8,0,0,15.3,14.7,1,18.6,1
282,26-04-2009,Adelaide,9.9,16.7,18.6,0,7,W,57,SW,SW,26,24,43,60,1010.3,1011.6,0,0,13.7,14.5,1,10.8,1
283,27-04-2009,Adelaide,11.1,19.6,10.8,6.6,7.1,WSW,50,SW,WSW,19,26,75,70,1013.2,1013.7,0,0,16.7,17.8,1,2,1
284,28-04-2009,Adelaide,8.7,17.8,2,2.2,6.1,NNW,20,NNW,SW,7,11,72,50,1023,1021.4,0,0,13.6,16.7,1,0,0
285,29-04-2009,Adelaide,9.6,20.2,0,1.6,10.3,WSW,22,NE,WSW,9,13,58,50,1022.4,1020.4,0,0,15.3,19.1,0,0,0
286,30-04-2009,Adelaide,8.6,19.9,0,2.2,7.6,WNW,28,NE,WNW,9,15,69,56,1022.4,1020.3,0,0,15,18.7,0,0,0
287,01-05-2009,Adelaide,9.8,17.4,0,1.4,0.7,SSE,24,NE,SSE,9,2,82,91,1024,1022.5,0,0,14.2,15.2,0,8.6,1
288,02-05-2009,Adelaide,7.9,18.7,8.6,0,9.6,SE,20,NNW,SSE,4,6,83,42,1028.6,1026.4,0,0,13.2,18.1,1,0,0
289,03-05-2009,Adelaide,6.4,18.7,0,0,10.1,WSW,22,N,WSW,4,13,69,52,1030.3,1028.3,0,0,12.9,17.8,0,0,0
290,04-05-2009,Adelaide,8.2,18.1,0,5,3.4,ESE,20,N,ESE,2,11,78,54,1032.3,1030.4,0,0,13.3,17.6,0,0,0
291,05-05-2009,Adelaide,8.1,18.9,0,0.4,6.2,WSW,22,0,S,0,9,79,51,1032.1,1029.2,0,0,12.5,17.8,0,0,0
292,06-05-2009,Adelaide,10.7,18.1,0,1.4,2,SSW,28,N,SW,2,13,69,58,1030.5,1027.9,0,0,14.8,16.8,0,0,0
293,07-05-2009,Adelaide,12.7,18.3,0,1.4,4.4,SSE,24,S,SSE,7,13,72,60,1030.8,1029.2,0,0,15,17.2,0,0,0
294,08-05-2009,Adelaide,10.5,17.7,0,1.2,5.9,ESE,26,ESE,SSE,9,9,71,57,1032.7,1029.8,0,0,14.7,17.2,0,0,0
295,09-05-2009,Adelaide,13.1,17.1,0,0,0.3,S,28,SE,SSE,7,11,73,58,1029.8,1026.2,0,0,14.3,17,0,0,0
296,10-05-2009,Adelaide,12.5,16.8,0,0,5.2,ENE,22,ESE,SSW,9,9,72,60,1026.4,1023.6,0,0,13.8,16.2,0,0,0
297,11-05-2009,Adelaide,7.2,19.8,0,5.4,9.8,SSE,24,0,SSE,0,11,68,45,1025.1,1022.8,0,0,13.8,19.1,0,0,0
298,12-05-2009,Adelaide,8.2,18.8,0,2.2,9.1,WSW,28,NNE,WSW,4,17,70,57,1024.7,1021.8,0,0,13.9,17.9,0,2,1
299,13-05-2009,Adelaide,9.8,16.2,2,1.4,0.7,SSW,26,NNE,WSW,7,15,89,68,1021.7,1018.8,0,0,12.6,15.9,1,4.8,1
300,14-05-2009,Adelaide,11.7,18.5,4.8,1,4.6,W,41,SSW,WSW,20,19,89,71,1019,1017,0,0,14.3,16.2,1,1,0
301,15-05-2009,Adelaide,13.5,17.5,1,1.2,0.5,W,46,NW,WSW,19,17,80,94,1017.8,1015.7,0,0,16.1,15.9,0,0,0
302,16-05-2009,Adelaide,14.6,18.3,0,0,7.8,W,33,SSW,WSW,11,17,88,67,1019.3,1019.6,0,0,15.7,17.8,0,13.8,1
303,17-05-2009,Adelaide,13.7,16.1,13.8,0,0.3,NNW,13,0,NNW,0,4,92,90,1023.7,1021.4,0,0,14.7,15.6,1,1.6,1
304,18-05-2009,Adelaide,13,18.6,1.6,4.2,3.1,ESE,30,E,E,9,9,61,55,1022.5,1018.8,0,0,15.3,17.4,1,0,0
305,19-05-2009,Adelaide,9.2,18.6,0,1.8,7.6,ENE,24,0,SW,0,13,64,53,1018.5,1016.1,0,0,14.2,17.3,0,0,0
306,20-05-2009,Adelaide,7.9,19.4,0,1.2,7.4,ESE,24,0,SSW,0,4,78,69,1020,1018.9,0,0,12.6,18,0,0,0
307,21-05-2009,Adelaide,12.1,22.8,0,1.4,9.7,ENE,31,ENE,NE,6,13,60,38,1023.3,1019.9,0,0,17.6,22.4,0,0,0
308,22-05-2009,Adelaide,13.8,22.5,0,2.6,8.6,NE,43,NE,NNE,11,19,48,34,1019.9,1015,0,0,17.7,22.2,0,0,0
309,23-05-2009,Adelaide,17.4,21.5,0,0,3.4,NNE,48,NNE,NNE,22,17,53,47,1012.5,1009.9,0,0,18.2,20.9,0,7.8,1
310,24-05-2009,Adelaide,14.8,16.4,7.8,0,0,N,37,NE,NE,9,2,91,93,1015.4,1013.8,0,0,15,16,1,21.4,1
311,25-05-2009,Adelaide,13.8,17.9,21.4,8,4.2,SW,31,NW,SW,9,15,96,71,1016.1,1016.9,0,0,14.5,17,1,1.8,1
312,26-05-2009,Adelaide,8.7,17.5,1.8,0.6,7.4,WSW,22,0,SW,0,9,83,55,1023.8,1022.6,0,0,13,16.9,1,0,0
313,27-05-2009,Adelaide,7.3,17.1,0,1.2,5.2,W,26,N,S,2,4,87,84,1025.5,1024,0,0,9.8,13.9,0,0.2,0
314,28-05-2009,Adelaide,8.5,15.2,0.2,0.8,4.2,SE,26,0,ESE,0,9,73,54,1028.5,1026.8,0,0,11.1,14.6,0,0,0
315,29-05-2009,Adelaide,6,13.9,0,1,1.9,SSE,30,ENE,SSE,2,11,75,53,1029,1027,0,0,11,13.6,0,0,0
316,30-05-2009,Adelaide,5.2,16.9,0,0,9.5,SE,30,NNW,NE,6,11,66,42,1029.5,1027.5,0,0,11.5,16.5,0,0,0
317,31-05-2009,Adelaide,10.2,18.3,0,2.2,4.2,E,33,ENE,NNE,13,9,52,54,1028.2,1025.4,0,0,13.9,16.1,0,0,0
318,01-06-2009,Adelaide,9.2,16.6,0,1.6,2.4,ENE,31,SW,SSE,7,7,73,60,1026.6,1024.2,0,0,12.8,15.3,0,0,0
319,02-06-2009,Adelaide,10.2,16.8,0,0.8,1,W,19,NNW,WSW,2,9,86,89,1024.2,1021.9,0,0,12.7,14.7,0,3.2,1
320,03-06-2009,Adelaide,6.9,17.3,3.2,0.6,9,NNW,19,N,NW,4,9,86,58,1021.1,1017.8,0,0,11.1,16.9,1,0,0
321,04-06-2009,Adelaide,7.2,17.1,0,1.2,3,N,19,N,NNW,7,11,85,67,1019.7,1016.8,0,0,11.9,16.3,0,0,0
322,05-06-2009,Adelaide,6.9,17.8,0,0.8,4.1,NNE,35,NNE,NNW,6,11,85,51,1015.9,1012.1,0,0,11,15.7,0,3.6,1
323,06-06-2009,Adelaide,10.5,15.8,3.6,0,2.4,N,33,ENE,SSW,6,15,82,71,1008.3,1006,0,0,11.3,13.2,1,6.2,1
324,07-06-2009,Adelaide,9.5,15.9,6.2,0,3.9,W,33,NE,W,6,19,96,75,1009,1009.1,0,0,11.5,14.7,1,3.2,1
325,08-06-2009,Adelaide,10.5,14.9,3.2,0,6.4,W,48,WSW,WSW,15,15,62,49,1013,1013.2,0,0,12.8,13.6,1,18,1
326,09-06-2009,Adelaide,9.1,15.3,18,7.2,7.8,W,48,SW,SW,19,20,63,57,1015.1,1016.4,0,0,13.8,15.1,1,0.8,0
327,10-06-2009,Adelaide,4.7,15,0.8,1.4,6.5,SSW,20,N,SW,6,6,72,45,1025.1,1024.4,0,0,9.2,13.8,0,0,0
328,11-06-2009,Adelaide,3.5,15.6,0,1.2,8.4,NNW,30,NE,NNW,11,17,62,49,1025.4,1021.6,0,0,9.4,14.9,0,0,0
329,12-06-2009,Adelaide,9.1,13.8,0,1.6,0,NE,43,NNE,N,13,13,56,50,1017.9,1012.3,0,0,10.6,13.6,0,3,1
330,13-06-2009,Adelaide,8.9,16.3,3,0,0,NNW,54,N,NNW,15,26,74,65,1006.1,1003.8,0,0,11.3,15.7,1,0.6,0
331,14-06-2009,Adelaide,10.2,11.9,0.6,0,0,N,43,N,NNE,19,13,79,96,1003.7,1002.7,0,0,11,10.9,0,7.4,1
332,15-06-2009,Adelaide,7,17.1,7.4,3.8,9.1,WSW,24,SW,WSW,11,17,87,64,1014,1016.3,0,0,10.6,16.2,1,0.2,0
333,16-06-2009,Adelaide,7.8,17.4,0.2,0.8,7,N,20,NE,NNW,6,9,85,60,1024.3,1023.7,0,0,11.7,16,0,0,0
334,17-06-2009,Adelaide,6.8,18.2,0,1,6.1,N,20,0,NW,0,11,96,57,1028.6,1026,0,0,9.9,17.9,0,0,0
335,18-06-2009,Adelaide,4.5,17.3,0,0.8,8.6,NW,20,NE,NW,2,7,72,51,1028.5,1025.6,0,0,10.8,16.1,0,0,0
336,19-06-2009,Adelaide,6.6,18.7,0,0,7.1,N,43,N,N,9,15,61,39,1025,1019.6,0,0,12.8,17.2,0,0,0
337,20-06-2009,Adelaide,12.7,15.6,0,0,3.1,N,50,N,N,22,24,43,53,1013.6,1011.8,0,0,14.3,15.2,0,0.8,0
338,21-06-2009,Adelaide,5,19,0.8,0,8.9,NNW,31,NNE,NNW,6,13,82,38,1016.3,1012.9,0,0,9.5,17.8,0,0.2,0
339,22-06-2009,Adelaide,9.5,18,0.2,7.6,9.4,NNW,41,N,NNW,17,22,56,41,1013.4,1011.2,0,0,13,17.3,0,0,0
340,23-06-2009,Adelaide,9.2,14.4,0,2.8,0.4,NW,54,N,NNW,20,20,57,61,1011.2,1008.6,0,0,10.6,14.1,0,1.2,1
341,24-06-2009,Adelaide,8.7,16.2,1.2,0.6,5.6,WNW,24,NE,SW,9,11,95,63,1014.3,1013.6,0,0,11.3,15,1,0,0
342,25-06-2009,Adelaide,10.2,16.1,0,1,3.2,NE,30,ENE,NNW,9,11,83,62,1013.2,1009.5,0,0,12.1,15.5,0,3.4,1
343,26-06-2009,Adelaide,11.6,14,3.4,0.8,0,NE,26,NE,0,11,0,78,81,1003,1002.3,0,0,13.1,13.8,1,0,0
344,27-06-2009,Adelaide,10.1,16.5,0,0,3.5,NW,20,0,WNW,0,13,89,66,1008,1006.5,0,0,11.5,16,0,0.2,0
345,28-06-2009,Adelaide,10,17.6,0.2,0,5.7,NNW,41,NNE,NNW,9,20,82,66,1005.3,1003.5,0,0,12.7,17.3,0,0,0
346,29-06-2009,Adelaide,9.7,19.3,0,2.8,4.2,N,35,NE,N,7,20,84,53,1007.1,1002.5,0,0,12.4,18.5,0,0,0
347,30-06-2009,Adelaide,12.3,18.8,0,3.2,2.3,WNW,76,N,NW,33,28,44,67,992.4,997.6,0,0,18.7,14.9,0,16.6,1
348,01-07-2009,Adelaide,10.7,15.1,16.6,2.4,1.2,NW,56,NNW,WNW,19,17,89,78,1006.5,1007.9,0,0,11.3,14.3,1,6.6,1
349,02-07-2009,Adelaide,10.1,14.5,6.6,0.4,1.6,W,50,W,W,20,22,58,79,1012.5,1011.8,0,0,14,13.1,1,2,1
350,03-07-2009,Adelaide,12.1,16,2,0.6,3.5,SW,52,SW,SW,17,20,84,74,1020.4,1020.8,0,0,13.3,15.2,1,1.4,1
351,04-07-2009,Adelaide,11.7,16,1.4,0,5.1,WSW,30,SSW,WSW,2,15,92,69,1025.3,1023.7,0,0,12.6,14.9,1,0,0
352,05-07-2009,Adelaide,7.9,15.1,0,0,1.7,ENE,20,0,E,0,9,95,66,1024.6,1022.8,0,0,9.3,12.7,0,0,0
353,06-07-2009,Adelaide,3.6,13.2,0,3.6,6.3,E,30,NNE,E,7,13,72,47,1025.8,1024.1,0,0,7.3,11.8,0,0,0
354,07-07-2009,Adelaide,2.9,13.7,0,1,6.4,NNE,31,NE,NNE,9,13,77,48,1024.4,1021.8,0,0,7.3,12.3,0,0,0
355,08-07-2009,Adelaide,7.1,16.1,0,1.4,9.3,NNE,26,NE,NNE,11,13,57,35,1024.5,1022.6,0,0,11.1,15.9,0,0,0
356,09-07-2009,Adelaide,5.7,17.8,0,1.8,8.4,NNE,39,NNE,NNE,13,19,53,39,1024.1,1019.8,0,0,13,17.5,0,2,1
357,10-07-2009,Adelaide,12.7,15.7,2,3,0,NNE,43,NNE,NNE,20,20,79,75,1015.7,1010.5,0,0,13.1,13.5,1,13,1
358,11-07-2009,Adelaide,12.1,17.4,13,0,2.7,NNW,50,N,NNW,24,26,68,69,1005.5,1004.3,0,0,14.9,17.2,1,1.2,1
359,12-07-2009,Adelaide,10.8,16,1.2,0,3.8,NW,46,N,NW,22,22,80,63,1008,1007,0,0,11.7,15.9,1,4.6,1
360,13-07-2009,Adelaide,10.1,14.2,4.6,4.8,5.7,W,46,W,WSW,26,20,89,61,1008.4,1007.2,0,0,10.1,13.6,1,10.2,1
361,14-07-2009,Adelaide,7.1,11.9,10.2,1.8,2.3,NW,37,N,SW,17,13,95,80,1003.6,1003.1,0,0,8.9,11.8,1,11.4,1
362,15-07-2009,Adelaide,5.1,13.7,11.4,0.8,7,SSE,33,0,SSW,0,7,96,91,1013.3,1013.3,0,0,7.9,11.2,1,10.4,1
363,16-07-2009,Adelaide,7.9,15.3,10.4,1.2,8.6,SW,28,SSE,ESE,6,9,90,48,1018.2,1019,0,0,11.1,14.9,1,0,0
364,17-07-2009,Adelaide,7,16,0,1.4,4.6,N,35,NNE,N,13,19,66,52,1021.1,1017.5,0,0,10.9,15.8,0,0,0
365,18-07-2009,Adelaide,9.8,16.2,0,0,4.1,NNW,39,N,NNW,15,19,59,58,1015.1,1013.4,0,0,11.4,15.4,0,0,0
366,19-07-2009,Adelaide,10.5,18.6,0,0,8.6,NNW,44,N,NNW,15,22,75,41,1017,1013.3,0,0,12.1,18.2,0,0,0
367,20-07-2009,Adelaide,12,21.7,0,6.8,8.4,NNW,54,N,NNW,22,24,38,21,1013.1,1010.6,0,0,14.5,20.9,0,0,0
368,21-07-2009,Adelaide,14.5,19.8,0,4.4,6,NW,43,NNE,NNW,9,19,36,41,1009.1,1006.6,0,0,15.1,18.6,0,3.2,1
369,22-07-2009,Adelaide,9.3,14.6,3.2,2.6,2.9,NW,48,N,WNW,15,20,86,75,1008.2,1008.9,0,0,10.1,13.4,1,2.2,1
370,23-07-2009,Adelaide,3.6,15.2,2.2,1,8.9,WNW,24,N,W,4,13,84,48,1023.4,1023,0,0,7.5,13.9,1,0,0
371,24-07-2009,Adelaide,6.1,16.2,0,1.4,7.8,NW,44,NNE,NNW,11,20,51,45,1023.6,1021.8,0,0,10.1,15.9,0,0,0
372,25-07-2009,Adelaide,8.1,16.9,0,0,9.7,N,31,NNE,N,13,15,39,35,1021.1,1016.3,0,0,12.7,16.4,0,0,0
373,26-07-2009,Adelaide,10.3,14.9,0,0,2.8,WSW,30,NNE,WSW,9,11,68,73,1015.1,1016.7,0,0,11.5,13.4,0,1.2,1
374,27-07-2009,Adelaide,10.1,14.7,1.2,5.4,1.6,WNW,35,NNW,WNW,11,19,94,78,1022.8,1022.6,0,0,10.3,14.5,1,12.6,1
375,28-07-2009,Adelaide,10,15.6,12.6,0.2,2.8,WNW,39,N,WNW,13,20,96,72,1026.2,1025,0,0,10.6,15,1,3.6,1
376,29-07-2009,Adelaide,10.5,15.6,3.6,0.6,2.5,W,30,NNW,WSW,7,9,96,71,1028,1027.2,0,0,12.3,15.1,1,3.4,1
377,30-07-2009,Adelaide,10.4,15.9,3.4,2,1.9,WNW,39,N,WNW,7,19,97,64,1027.8,1024.8,0,0,11.6,14.9,1,3.4,1
378,31-07-2009,Adelaide,9,15.7,3.4,1.2,6.1,SW,31,N,SW,7,13,97,61,1026.6,1025.6,0,0,11.3,15.3,1,1.8,1
379,02-08-2009,Adelaide,7.7,17.6,0,0,9.2,NNW,43,N,NW,13,19,64,46,1026.7,1022.8,0,0,10.9,17.3,0,1,0
380,03-08-2009,Adelaide,5.8,16.5,1,3.8,8.3,SW,46,0,NW,0,19,74,45,1026.8,1022.5,0,0,10.1,16.2,0,0,0
381,04-08-2009,Adelaide,10,15.8,0,1.8,0.7,NW,33,N,WNW,13,15,91,80,1021.4,1019.7,0,0,10.8,15.1,0,0.2,0
382,05-08-2009,Adelaide,8.6,20.2,0.2,0.6,7.4,NNW,33,NE,N,9,20,73,42,1020.1,1015.6,0,0,14,19.8,0,0,0
383,06-08-2009,Adelaide,9,23,0,2.4,8.7,NNW,67,N,NNW,24,37,40,24,1012.4,1008.1,0,0,15.9,22.6,0,1.6,1
384,07-08-2009,Adelaide,10.9,15.4,1.6,4,10.2,WSW,54,SW,SW,17,15,54,48,1022.2,1023.1,0,0,12.6,14.7,1,0,0
385,08-08-2009,Adelaide,3.3,18.1,0,0,9.7,N,33,NNE,NW,9,17,48,35,1024.3,1019.6,0,0,11.5,17.5,0,0,0
386,09-08-2009,Adelaide,7.4,16.8,0,0,0,NE,24,NE,N,11,11,44,35,1016.1,1012.1,0,0,12.9,16.5,0,0.4,0
387,10-08-2009,Adelaide,12.1,18.4,0.4,6,4.4,W,31,NNE,W,6,20,41,59,1006.6,1005.1,0,0,15.2,15.8,0,0.6,0
388,11-08-2009,Adelaide,11.3,17.1,0.6,1.4,5.8,W,30,N,WSW,7,15,86,56,1009.6,1010.3,0,0,11.7,16.1,0,1,0
389,12-08-2009,Adelaide,10.8,17.6,1,1.6,6.7,WSW,26,N,SW,7,11,91,59,1015.5,1013.6,0,0,11.9,16,0,0,0
390,13-08-2009,Adelaide,6.6,18.2,0,1.4,7.5,NNW,22,NE,WNW,6,13,77,54,1016,1016,0,0,12.3,18,0,0,0
391,14-08-2009,Adelaide,6.3,22,0,1.4,10.4,NNE,35,NE,N,11,15,64,35,1019.6,1014.8,0,0,14.2,21.4,0,0,0
392,15-08-2009,Adelaide,14.1,26.7,0,0,8.6,NNW,48,N,N,17,20,37,30,1009.8,1004.4,0,0,19.2,26.2,0,3.8,1
393,16-08-2009,Adelaide,11.3,16.5,3.8,0,5.8,NW,74,NNW,WNW,22,26,65,52,1005.8,1007.9,0,0,14.2,15.9,1,2,1
394,17-08-2009,Adelaide,11.1,17.2,2,13,8.3,WNW,39,WNW,WNW,13,17,58,53,1020.9,1022.2,0,0,14.3,16,1,0,0
395,18-08-2009,Adelaide,6.8,21.2,0,1.6,10.4,NNW,31,NE,NNW,11,17,71,39,1026.2,1021.6,0,0,14,20.7,0,0,0
396,19-08-2009,Adelaide,13.8,20.9,0,4,7.3,0,0,NE,N,17,17,37,37,1019.9,1016.2,0,0,16.3,20.1,0,0,0
397,20-08-2009,Adelaide,9.8,22.4,0,2,9.9,N,43,NNE,NNW,13,17,76,46,1016.4,1009.9,0,0,13.7,21.8,0,0.4,0
398,21-08-2009,Adelaide,13.6,15.7,0.4,3.8,0,W,59,WSW,WSW,20,20,65,51,1005.8,1007,0,0,14.3,14.8,0,0,0
399,22-08-2009,Adelaide,7.9,17.4,0,0,0,NNW,50,NNE,W,13,19,76,56,1007.3,1006.2,0,0,12.4,16.1,0,0,0
400,23-08-2009,Adelaide,8.8,19,0,0,7.7,NW,57,N,NNW,15,22,72,40,1006.4,1003.2,0,0,12.3,18.7,0,2,1
401,24-08-2009,Adelaide,9.9,14.6,2,6.4,0.7,W,81,N,WNW,20,28,79,91,1004.2,1000.5,0,0,11.8,12.1,1,12,1
402,25-08-2009,Adelaide,7.7,15.3,12,2.6,2.7,W,65,NW,W,20,30,72,60,1011.3,1010.6,0,0,12.5,15.3,1,4,1
403,26-08-2009,Adelaide,10.3,15.6,4,1,4.4,NW,39,WNW,NW,19,20,63,62,1018.2,1017.1,0,0,13.2,14.4,1,0,0
404,27-08-2009,Adelaide,7.9,17.7,0,2.4,8.3,WNW,37,N,NW,11,20,79,54,1015.1,1012.8,0,0,11.7,17.2,0,0,0
405,28-08-2009,Adelaide,7,22.9,0,0.4,5.1,NNW,41,NNE,NNW,9,9,52,39,1011.2,1005.4,0,0,15.9,20,0,6.6,1
406,29-08-2009,Adelaide,12.9,16.4,6.6,0,1.1,WSW,61,WNW,WSW,11,19,89,84,1004.4,1006.5,0,0,13.3,12.4,1,15.8,1
407,30-08-2009,Adelaide,9.2,15.4,15.8,0,4.3,SW,41,WNW,W,17,20,66,64,1019.4,1019.3,0,0,12,13.4,1,2.6,1
408,31-08-2009,Adelaide,10.5,17,2.6,8,4.9,WNW,37,WNW,SW,15,20,94,62,1021.4,1020.3,0,0,12.6,16.2,1,1.6,1
409,01-09-2009,Adelaide,10.9,18,1.6,2.2,7.5,N,26,N,WNW,7,15,88,49,1023.2,1019.5,0,0,12.9,17.6,1,0,0
410,02-09-2009,Adelaide,11.1,21.6,0,2.6,6.1,N,43,NE,N,17,20,38,46,1015.1,1010.7,0,0,17.4,17.7,0,0.4,0
411,03-09-2009,Adelaide,10,17.8,0.4,3.4,8.4,W,50,WNW,WNW,20,26,65,55,1012.8,1012.1,0,0,14.2,15.8,0,3.4,1
412,04-09-2009,Adelaide,9.4,15.7,3.4,2.6,7.3,WSW,39,W,W,22,20,67,54,1015.7,1015.8,0,0,12.9,14.5,1,0,0
413,05-09-2009,Adelaide,11,16.4,0,0,6.4,NNW,33,WNW,NW,13,11,62,42,1018.9,1015.6,0,0,13.2,15.9,0,0.2,0
414,06-09-2009,Adelaide,11.3,19.3,0.2,0,6.4,NNW,56,N,WSW,17,20,30,41,1005.1,1005.6,0,0,16.2,17.8,0,2.2,1
415,07-09-2009,Adelaide,11.8,17.5,2.2,9.6,7.3,WNW,37,SW,SSW,6,19,91,48,1009.6,1010.8,0,0,12.8,16.9,1,0.2,0
416,08-09-2009,Adelaide,10,14.8,0.2,2.6,1.1,SW,28,S,S,9,9,58,57,1020,1018.7,0,0,13,14.2,0,0,0
417,09-09-2009,Adelaide,10.6,15.5,0,1.8,1.3,SW,20,SE,SSW,9,6,55,55,1020.1,1017.6,0,0,12.5,13.9,0,0,0
418,10-09-2009,Adelaide,4.8,22.6,0,0.6,11.1,NNE,41,NNE,N,13,15,47,26,1018.3,1013.8,0,0,14.3,21.5,0,0,0
419,11-09-2009,Adelaide,14.2,29.4,0,6.2,6.7,NNW,69,N,NNW,26,28,14,12,1007.4,1005.9,0,0,22.5,28.7,0,0,0
420,12-09-2009,Adelaide,11.9,30.9,0,0,7.7,N,54,N,NNW,24,22,13,13,1007.2,1005.1,0,0,24,29.5,0,0.8,0
421,13-09-2009,Adelaide,12.9,18.9,0.8,0,7.5,WSW,56,NW,W,17,31,46,57,1016.9,1018.6,0,0,16.6,16,0,0.6,0
422,14-09-2009,Adelaide,6.5,16.9,0.6,13.4,10.7,NNW,28,N,SSW,9,9,59,38,1024.6,1021.2,0,0,12.9,15.5,0,0,0
423,15-09-2009,Adelaide,6,24.4,0,3.4,11.2,NE,35,N,WNW,9,13,33,22,1019.8,1016.2,0,0,16.3,23.8,0,0.2,0
424,16-09-2009,Adelaide,16.3,26.2,0.2,5,1.9,NNE,50,NE,NE,7,11,42,62,1013.3,1009.8,0,0,19.8,19.4,0,8.8,1
425,17-09-2009,Adelaide,14.2,17.4,8.8,2,7.1,SW,41,SSW,SW,15,20,82,56,1014.9,1018,0,0,16.2,16.7,1,0.2,0
426,20-09-2009,Adelaide,8.4,18.9,0,0,9.9,WSW,31,WNW,WNW,9,13,65,49,1018,1015.4,0,0,15,18.2,0,0.4,0
427,21-09-2009,Adelaide,8.1,17.8,0.4,10,2.8,E,65,ENE,ENE,15,19,47,72,1007.2,993.8,0,0,15.5,15.2,0,24.2,1
428,22-09-2009,Adelaide,9.9,17.1,24.2,2.2,2.5,NNW,37,NNW,NNW,9,24,71,88,998.7,995,0,0,14.4,12.7,1,5.2,1
429,23-09-2009,Adelaide,11.1,16.9,5.2,1.2,5.5,SW,48,WSW,WSW,24,20,71,57,1013.3,1015,0,0,13.8,15.6,1,0.2,0
430,24-09-2009,Adelaide,12.4,20.4,0.2,2.6,10.1,NW,46,WNW,WNW,24,20,73,47,1015.3,1011,0,0,15.7,20,0,2.8,1
431,25-09-2009,Adelaide,11.8,14.8,2.8,4.2,1,W,63,NW,W,13,19,0,73,0,1003.1,0,0,0,10.8,1,8.2,1
432,26-09-2009,Adelaide,8.2,15.2,8.2,0,8,SW,59,SW,SW,24,26,65,43,1014,1017.1,0,0,11.6,14.4,1,1.2,1
433,27-09-2009,Adelaide,9.4,14.8,1.2,0,5.3,SW,43,SW,SSW,24,15,62,66,1023.1,1021.6,0,0,11.4,12.9,1,0.8,0
434,28-09-2009,Adelaide,7.2,17.5,0.8,8.6,4.1,N,20,NNW,WSW,9,4,73,60,1020.6,1016.1,0,0,11.7,14.4,0,0,0
435,29-09-2009,Adelaide,8.5,23.1,0,0.6,9,NNW,43,NNE,NNW,15,26,45,23,1012.3,1007.8,0,0,17.5,22.6,0,0,0
436,30-09-2009,Adelaide,17.4,26.3,0,5.8,4,NE,43,NNE,NNW,9,11,23,19,1008,1005.3,0,0,20.7,25.5,0,0,0
437,01-10-2009,Adelaide,11.7,18.7,0,3.6,2.1,SSW,33,SSE,SSW,9,20,64,55,1013.7,1013.3,0,0,14.2,16.7,0,0,0
438,02-10-2009,Adelaide,11.5,15.1,0,2.8,1.1,SSE,39,SSW,SSE,7,20,76,66,1016.7,1015.9,0,0,11.9,12.9,0,0.4,0
439,03-10-2009,Adelaide,9.6,16.4,0.4,0,3.9,WSW,30,SSW,SW,11,13,62,58,1021.8,1020.1,0,0,12.7,14.3,0,0,0
440,04-10-2009,Adelaide,8.5,17.9,0,0,6.6,WSW,30,N,WSW,4,15,76,42,1022.8,1022.1,0,0,11,16.3,0,0,0
441,05-10-2009,Adelaide,10.8,17.8,0,0,10.1,SSW,35,WNW,SW,2,19,63,55,1025.9,1025.7,0,0,14.7,17.2,0,0,0
442,06-10-2009,Adelaide,6,18.1,0,10.4,10.4,SSE,41,NE,SSE,6,22,70,44,1028.3,1025.4,0,0,11,17.3,0,0,0
443,07-10-2009,Adelaide,6.1,16.9,0,3.4,11.6,SE,43,ESE,SSE,11,17,51,35,1028.6,1028,0,0,11.7,16,0,0,0
444,08-10-2009,Adelaide,8.2,17.1,0,4,11.3,SSE,35,E,SE,13,19,59,40,1030.7,1028.5,0,0,11,16.3,0,0,0
445,09-10-2009,Adelaide,7.9,17.1,0,3.6,10.1,ESE,33,E,E,13,15,58,31,1029.2,1026.1,0,0,12.3,16.7,0,0,0
446,10-10-2009,Adelaide,8.3,22.3,0,0,11.7,NE,39,ENE,NE,13,20,40,23,1025,1020.6,0,0,15.9,21.3,0,0,0
447,11-10-2009,Adelaide,15.9,27.6,0,0,6.3,NW,50,NE,NNE,13,20,21,14,1014.2,1008.1,0,0,20.6,27.2,0,3,1
448,12-10-2009,Adelaide,12.3,16.4,3,15.2,6.8,WNW,61,WNW,W,28,31,63,53,1005.1,1004.5,0,0,13.7,15.2,1,6.4,1
449,13-10-2009,Adelaide,10.4,16,6.4,4,4.6,W,61,W,W,26,22,63,77,1002,1002.8,0,0,13.5,13.6,1,6.2,1
450,14-10-2009,Adelaide,11.6,16.5,6.2,2.6,3.5,WSW,59,SW,WSW,26,20,73,62,1011.7,1013,0,0,13.4,15,1,0.8,0
451,15-10-2009,Adelaide,12.1,16.1,0.8,3,9.4,WSW,54,SW,SSW,22,17,59,60,1016.1,1017.8,0,0,13.4,14.5,0,1.4,1
452,16-10-2009,Adelaide,9.5,16.2,1.4,4,5.2,SW,39,SW,SW,17,15,74,57,1024.7,1024.4,0,0,11.8,15.4,1,0.2,0
453,17-10-2009,Adelaide,10.4,17.4,0.2,0,8.1,WSW,33,S,WSW,9,19,61,42,1029.5,1028.2,0,0,13.1,17,0,0,0
454,18-10-2009,Adelaide,6.1,20.6,0,0,12.4,SW,28,NNE,WSW,6,19,58,42,1029.9,1027.5,0,0,13.1,18.4,0,0,0
455,19-10-2009,Adelaide,8.9,27.7,0,10.8,12.4,NW,31,NNE,WNW,15,17,37,17,1025.3,1021.2,0,0,18.6,27.1,0,0,0
456,20-10-2009,Adelaide,16.7,30.5,0,6.2,9.6,NW,31,NNE,WNW,13,17,16,13,1018.7,1016.1,0,0,23.3,30.3,0,0,0
457,21-10-2009,Adelaide,13.1,22.7,0,6.6,12.2,SSE,28,SE,ESE,13,9,52,39,1022.3,1020.8,0,0,16.3,21.6,0,0,0
458,22-10-2009,Adelaide,10.8,25.6,0,5.2,12.5,SW,30,SE,SW,4,9,53,33,1021.9,1020.2,0,0,17.9,24.5,0,0,0
459,23-10-2009,Adelaide,11.7,27.4,0,5,9.3,W,31,N,WNW,7,19,55,35,1022.1,1020.1,0,0,16.7,26.8,0,0,0
460,24-10-2009,Adelaide,15.6,27.3,0,0,6.1,SE,35,0,SSW,0,11,36,40,1018,1017.8,0,0,25.1,25.6,0,0,0
461,25-10-2009,Adelaide,11.9,18.1,0,0,8.8,SSE,46,SSE,SSE,13,26,57,39,1024.3,1024.4,0,0,14.1,18,0,0,0
462,26-10-2009,Adelaide,9.9,20.4,0,13.4,12.5,SE,48,SE,SE,17,17,52,34,1028,1024.3,0,0,13,19.8,0,0,0
463,27-10-2009,Adelaide,11.9,26.3,0,5,12.7,ESE,43,ENE,W,7,13,37,29,1023.7,1021.3,0,0,19.9,25.7,0,0,0
464,28-10-2009,Adelaide,14.9,30.1,0,6,11.2,SE,46,WNW,WSW,9,13,44,31,1021.8,1017.9,0,0,21.2,29.4,0,0,0
465,29-10-2009,Adelaide,17.4,33.7,0,6.6,12.2,SE,37,N,NNW,13,13,38,27,1017.1,1014.2,0,0,27.2,33,0,0,0
466,30-10-2009,Adelaide,20.6,33.1,0,6.2,11.7,WNW,39,NE,WSW,9,11,36,33,1016.4,1015.8,0,0,27.3,31.1,0,0,0
467,31-10-2009,Adelaide,16,32.5,0,6.8,12.3,SW,31,SW,ENE,2,6,58,40,1018.1,1016,0,0,22.2,28.1,0,0,0
468,01-11-2009,Adelaide,16.7,34.9,0,0,11.7,ESE,54,SSW,ESE,6,9,59,15,1020.1,1017.1,0,0,22.9,34.2,0,0,0
469,02-11-2009,Adelaide,22.9,37.9,0,17.2,8,E,65,NNE,WSW,17,30,27,37,1013.7,1011.1,0,0,32.1,28,0,0.6,0
470,03-11-2009,Adelaide,13,20,0.6,8.2,8.9,W,50,WSW,SW,24,26,65,47,1019.4,1019.9,0,0,14.8,18.8,0,0,0
471,04-11-2009,Adelaide,13.3,19.3,0,5.2,6.7,W,39,SSW,W,9,20,56,48,1024.1,1023.4,0,0,14.7,18,0,0,0
472,05-11-2009,Adelaide,10.4,20.4,0,4.2,7.5,SE,31,SE,SSE,13,11,57,41,1025.9,1022.8,0,0,14.7,18.2,0,0,0
473,06-11-2009,Adelaide,11.9,28.2,0,4.6,12.5,SW,35,ENE,W,20,7,38,18,1022.6,1020.4,0,0,19.7,27.2,0,0,0
474,07-11-2009,Adelaide,18.6,34.4,0,0,12.7,ESE,37,NE,SW,15,15,17,8,1022.2,1020.3,0,0,27.1,32.3,0,0,0
475,08-11-2009,Adelaide,25.4,36.7,0,0,12.9,ESE,37,NE,ENE,15,13,23,12,1022.3,1019.6,0,0,29.7,36.6,0,0,0
476,09-11-2009,Adelaide,24.5,37,0,27.2,12.9,ESE,35,NNE,SSW,13,19,28,18,1020.4,1018.3,0,0,31.3,36.1,0,0,0
477,10-11-2009,Adelaide,22.9,38.9,0,10.8,12.5,SE,37,NE,SW,11,19,22,13,1018.5,1016.3,0,0,32.3,37.6,0,0,0
478,11-11-2009,Adelaide,23.7,39.2,0,11.8,13,WSW,31,NE,WSW,6,17,31,12,1019.8,1018.4,0,0,32.1,38.7,0,0,0
479,12-11-2009,Adelaide,24.5,39.2,0,11.4,12.3,SSE,35,S,WSW,6,17,38,12,1020.5,1018.2,0,0,30.4,38.5,0,0,0
480,13-11-2009,Adelaide,21.9,38.7,0,11,12.8,ESE,28,ESE,WSW,4,15,32,10,1018.1,1014.9,0,0,28.4,38.3,0,0,0
481,14-11-2009,Adelaide,23.3,39.5,0,0,13.1,SW,28,0,SW,0,17,25,9,1014,1011.8,0,0,30.3,38.2,0,0,0
482,15-11-2009,Adelaide,20.9,39.4,0,0,11.2,SW,35,SW,SW,6,15,23,11,1011,1008.8,0,0,30.6,39.1,0,0,0
483,16-11-2009,Adelaide,22.8,31.9,0,28.8,11.3,SSW,31,NW,SSW,4,17,43,23,1009.9,1008.8,0,0,26.1,30.3,0,0,0
484,17-11-2009,Adelaide,15.5,29,0,8.4,11.6,NW,26,ESE,SW,9,15,53,35,1011.2,1007.7,0,0,20.1,27.2,0,0,0
485,18-11-2009,Adelaide,19.4,38.9,0,6.6,4.2,N,30,NE,WNW,11,9,26,14,1003.5,999,0,0,28.4,38.8,0,0,0
486,19-11-2009,Adelaide,17.6,43,0,5.4,11.5,WNW,61,NE,NNW,2,20,28,10,1006.1,1002.2,0,0,29,41.6,0,0,0
487,20-11-2009,Adelaide,21.8,28.9,0,11.8,1.2,N,46,SW,SW,9,9,58,40,1007.3,1006.7,0,0,24.7,28.8,0,3,1
488,21-11-2009,Adelaide,18.6,23.1,3,0,0.3,SE,43,E,W,6,9,81,75,1008.7,1006.9,0,0,19.5,21.7,1,9,1
489,22-11-2009,Adelaide,14.2,21,9,0,9.6,SW,44,SSW,W,17,24,72,57,1010.5,1015.6,0,0,16,20,1,0,0
490,23-11-2009,Adelaide,11.2,23.2,0,7.6,12.6,SW,41,S,SW,17,20,45,41,1026.7,1024.8,0,0,16.7,21.9,0,0,0
491,24-11-2009,Adelaide,11.2,26.8,0,5,11.9,SSE,43,NNW,WSW,6,24,41,40,1026.2,1022,0,0,17.8,24.3,0,0,0
492,25-11-2009,Adelaide,16.6,32,0,7.4,9.1,SSE,35,SE,W,9,13,45,29,1018.6,1013.9,0,0,23.2,30.8,0,3.2,1
493,26-11-2009,Adelaide,18.6,27.9,3.2,6.8,5.2,W,39,NE,W,11,24,74,43,1008.7,1005.4,0,0,21.1,26.9,1,0,0
494,27-11-2009,Adelaide,18.9,32.4,0,5.6,8.9,W,59,NE,SW,15,20,39,73,1005.9,1003.7,0,0,26.6,20.7,0,15,1
495,28-11-2009,Adelaide,13.2,20.3,15,0,3.7,WNW,74,WNW,WNW,26,33,70,58,1005.2,1002.6,0,0,15.8,19.1,1,10.8,1
496,29-11-2009,Adelaide,13.8,20.8,10.8,0,9.8,SW,56,S,SSW,19,24,64,55,1010.4,1011.6,0,0,17.8,19.6,1,0.6,0
497,30-11-2009,Adelaide,13.1,22.4,0.6,13.6,10.4,SSE,37,SSE,SSE,17,15,66,43,1017.9,1016.8,0,0,16.1,20.9,0,0,0
498,01-12-2009,Adelaide,12.7,26.1,0,6,13.6,WSW,31,S,SW,6,17,55,36,1020.4,1018.2,0,0,18.9,25.5,0,0,0
499,02-12-2009,Adelaide,13.7,32.9,0,6.2,12.5,N,31,NNE,W,15,11,22,14,1017.6,1014.4,0,0,25.7,31.9,0,0,0
500,03-12-2009,Adelaide,17.9,22.1,0,10.2,11.5,SSW,46,SSW,SW,17,24,64,40,1017.9,1019.8,0,0,18.6,21.6,0,0,0
501,04-12-2009,Adelaide,10.6,21.9,0,7.2,13.1,WSW,41,SW,WSW,9,20,51,42,1023,1020.5,0,0,15.9,20.8,0,0,0
502,05-12-2009,Adelaide,12.2,21.8,0,0,13,WSW,37,SW,WSW,13,17,56,48,1021.1,1020,0,0,17,21.5,0,0,0
503,06-12-2009,Adelaide,12.3,25.8,0,0,13.7,WSW,30,ENE,SW,6,17,56,42,1018.4,1015.5,0,0,18.5,23,0,0,0
504,07-12-2009,Adelaide,14.1,28.1,0,18.2,6,SSE,28,SSW,WNW,15,7,55,38,1014.7,1011.8,0,0,20.1,25.1,0,5.6,1
505,08-12-2009,Adelaide,14,20.7,5.6,4,9.7,WSW,46,SSW,SW,19,24,87,39,1013.2,1013.8,0,0,14.4,19.5,1,0,0
506,09-12-2009,Adelaide,10.3,23,0,7,9.3,NNW,39,NNW,WNW,7,24,58,35,1012.8,1010.9,0,0,16.4,22.3,0,1.8,1
507,10-12-2009,Adelaide,14.8,19.4,1.8,5.2,9,WSW,67,W,WSW,22,30,65,43,1010.8,1013.4,0,0,17.2,18.4,1,2.6,1
508,11-12-2009,Adelaide,11.6,21.2,2.6,5.4,13,SSW,39,SW,SW,11,17,50,35,1022.6,1022.5,0,0,16.2,20.1,1,0,0
509,12-12-2009,Adelaide,14,22.7,0,0,8,SW,35,SW,WSW,13,20,60,43,1023.7,1021.9,0,0,16.8,21.8,0,0,0
510,13-12-2009,Adelaide,12.6,26.2,0,0,12.1,SSE,35,WSW,WSW,7,22,55,45,1023.4,1019.8,0,0,17.9,24.6,0,0,0
511,14-12-2009,Adelaide,14.5,31.3,0,18.2,13.3,ESE,28,SSE,WSW,6,15,53,31,1021.1,1018,0,0,21.5,29.2,0,0,0
512,15-12-2009,Adelaide,21.1,38.2,0,9.2,11.6,WSW,41,NNE,WNW,15,15,19,10,1016.8,1013.7,0,0,29.9,37.5,0,0,0
513,16-12-2009,Adelaide,21.6,40.8,0,10,11.1,NNW,56,N,NW,15,28,15,11,1011.5,1008,0,0,32.5,40.4,0,7.8,1
514,17-12-2009,Adelaide,19.9,21.5,7.8,10.8,3.8,W,52,ESE,SSW,7,19,92,59,1010.6,1015.3,0,0,20.2,19.7,1,0.2,0
515,18-12-2009,Adelaide,11.6,22.2,0.2,4,13.3,SW,35,SW,SW,13,22,49,44,1023,1021.4,0,0,16.4,20.7,0,0,0
516,19-12-2009,Adelaide,16.3,25,0,0,8.2,WSW,39,SSW,SW,6,19,64,52,1023.1,1021.5,0,0,17.3,21.7,0,0,0
517,20-12-2009,Adelaide,13,29.8,0,0,11.5,W,24,N,SW,7,11,39,26,1020,1016.1,0,0,19.9,27.2,0,0,0
518,21-12-2009,Adelaide,16,30.9,0,18.8,13,SW,43,S,SW,6,28,26,29,1012.4,1010.5,0,0,25,29.1,0,0,0
519,22-12-2009,Adelaide,15.6,37.2,0,9.4,10.7,WSW,24,SW,WSW,6,15,26,15,1011.8,1009.2,0,0,24.6,34.7,0,0,0
520,23-12-2009,Adelaide,24.4,38.3,0,9.4,3.6,NW,52,N,NW,26,11,11,13,1006.9,1003.2,0,0,33.4,36.3,0,0.2,0
521,24-12-2009,Adelaide,21.7,24.8,0.2,8,4.9,WSW,46,WNW,S,13,19,72,57,1007.3,1009.5,0,0,22.5,22,0,0,0
522,25-12-2009,Adelaide,14.2,23.8,0,6.2,10.9,S,35,SE,SSE,9,17,48,34,1018.2,1016.7,0,0,17.4,23.4,0,0,0
523,26-12-2009,Adelaide,13,27.9,0,0,13.6,W,37,SSE,SE,4,7,52,37,1019.9,1016.8,0,0,18.1,26.1,0,0,0
524,27-12-2009,Adelaide,15.6,29.8,0,0,11.1,SW,33,SSW,WSW,4,17,56,25,1018.1,1015.7,0,0,20.6,28.6,0,0,0
525,28-12-2009,Adelaide,15.6,33.9,0,21.2,13.9,WSW,35,WSW,WSW,2,19,34,24,1018.9,1017.5,0,0,23.4,30.2,0,0,0
526,29-12-2009,Adelaide,19.1,35.6,0,9.6,13.1,W,31,WSW,WSW,7,15,28,19,1021,1018.1,0,0,25.1,34.8,0,0,0
527,30-12-2009,Adelaide,22.2,39.5,0,0,13.6,SW,33,NE,SW,13,24,18,9,1015.7,1011.1,0,0,32.3,38.2,0,0,0
528,31-12-2009,Adelaide,26.7,41.6,0,22.2,12.8,W,44,N,WNW,17,20,33,19,1009.1,1005,0,0,32.8,40.7,0,0,0
529,01-01-2010,Adelaide,17.6,28.1,0,0,0,WSW,41,SSE,WSW,7,15,57,45,1009.8,1008.3,0,0,21.3,27,0,0,0
530,02-01-2010,Adelaide,16.5,23.4,0,0,0,WSW,48,SSW,SW,17,26,46,42,1017.6,1017.1,0,0,18.1,23,0,0,0
531,03-01-2010,Adelaide,15.2,25.2,0,0,10.5,WSW,43,SSE,SW,11,24,50,40,1022.6,1019,0,0,17.3,22.3,0,0,0
532,04-01-2010,Adelaide,14.1,31.3,0,32.8,13.7,WSW,30,0,W,0,13,46,17,1017.1,1013.9,0,0,20.9,29.6,0,0,0
533,05-01-2010,Adelaide,15.1,32,0,8,13.7,SSE,31,S,WSW,7,17,44,17,1016,1014.7,0,0,22.6,31.5,0,0,0
534,06-01-2010,Adelaide,15.7,33.6,0,8.8,13.7,SSE,31,WSW,0,2,0,37,0,1017.6,0,0,0,23.7,0,0,0,0
535,07-01-2010,Adelaide,16.6,35.1,0,9.6,13.7,ESE,31,E,W,4,20,21,10,1015.3,1012.6,0,0,27.4,34.4,0,0,0
536,08-01-2010,Adelaide,26.7,41,0,11.8,0,NNW,35,NNE,WSW,13,17,13,7,1013.8,1011.1,0,0,31.9,39.3,0,0,0
537,09-01-2010,Adelaide,21.6,41.3,0,0,0,ESE,41,WNW,SW,6,13,20,7,1013.8,1012.8,0,0,31.5,40.4,0,0,0
538,10-01-2010,Adelaide,25.6,42,0,0,12.7,SE,39,0,WSW,0,13,26,17,1014.7,1011.8,0,0,32.5,41.3,0,0,0
539,11-01-2010,Adelaide,28.9,42.8,0,36,10.3,N,57,NE,WNW,11,28,24,14,1008.7,1004.2,0,0,35.5,40.1,0,5,1
540,12-01-2010,Adelaide,20.7,22.9,5,11.2,1.6,SW,35,SW,S,15,15,95,60,1008.3,1011.6,0,0,20.9,21.4,1,3.8,1
541,13-01-2010,Adelaide,14.4,25.6,3.8,4.2,12.4,SE,35,S,SSE,9,15,47,33,1020.2,1017.6,0,0,19.3,25.2,1,0,0
542,14-01-2010,Adelaide,14,27.7,0,6.2,7.8,WSW,35,E,WSW,15,20,49,38,1020.9,1018,0,0,18.8,24.4,0,0,0
543,15-01-2010,Adelaide,15.1,31.8,0,7.8,0,W,28,WNW,W,7,13,51,19,1016.4,1013.1,0,0,20.9,29.5,0,0,0
544,16-01-2010,Adelaide,17.4,25,0,0,0,SSW,48,SSW,WSW,17,26,58,53,1013.2,1013.7,0,0,21,23.4,0,0,0
545,17-01-2010,Adelaide,15.6,22.3,0,0,10.6,SW,57,SSW,SW,15,31,63,33,1017.3,1016.9,0,0,17.7,20.7,0,0,0
546,18-01-2010,Adelaide,14.3,22.4,0,23.4,0,WSW,46,S,WSW,13,20,57,35,1018.4,1017.5,0,0,16.3,22.2,0,0,0
547,19-01-2010,Adelaide,11.2,26.8,0,7,12.8,W,28,SW,WSW,4,15,55,38,1018.1,1014.8,0,0,16.4,23.9,0,0,0
548,20-01-2010,Adelaide,15.5,32.1,0,6.8,10.4,WSW,31,NNE,WSW,9,17,38,14,1013.2,1011.7,0,0,22,31.3,0,0,0
549,21-01-2010,Adelaide,22,40.2,0,10.2,10.3,WNW,33,NE,WSW,15,7,27,10,1008.5,1005.6,0,0,28.6,37.6,0,0,0
550,22-01-2010,Adelaide,28.6,33.6,0,11.2,0,SW,48,NNE,SW,17,24,9,55,1002.6,1005.9,0,0,31.9,26,0,0,0
551,23-01-2010,Adelaide,17.6,27.7,0,0,0,W,37,S,SSE,13,11,56,38,1016.6,1014.7,0,0,19.3,25.2,0,0,0
552,24-01-2010,Adelaide,14.8,30.2,0,0,13.1,WSW,28,NW,WSW,9,15,56,37,1016,1012.9,0,0,20.1,27,0,0,0
553,25-01-2010,Adelaide,15.8,33.3,0,20,0,WNW,24,SW,W,6,15,44,18,1013.3,1009.7,0,0,22.2,32.5,0,0,0
554,26-01-2010,Adelaide,18.8,33.5,0,0,12.4,SE,31,SW,SE,13,9,35,20,1013.1,1011.7,0,0,24.5,32.2,0,0,0
555,27-01-2010,Adelaide,18.3,33.4,0,15.2,7.7,S,41,ENE,NW,7,19,55,32,1015.3,1012.2,0,0,22.4,32.1,0,0.4,0
556,28-01-2010,Adelaide,19.4,32.5,0.4,5.4,12.2,SSE,33,NE,SW,9,15,31,32,1009.9,1008.9,0,0,25.8,29.9,0,0,0
557,29-01-2010,Adelaide,14.7,28.3,0,8.8,0,SE,35,SSE,ESE,11,13,54,31,1016.5,1014.4,0,0,18.5,26.9,0,0,0
558,30-01-2010,Adelaide,18.3,36.1,0,0,0,WSW,31,E,W,11,11,33,15,1012.9,1009.2,0,0,24.5,34.2,0,0,0
559,31-01-2010,Adelaide,21,31.4,0,0,12.5,SSE,44,SW,WSW,13,28,42,40,1008.6,1009.3,0,0,25.4,28.9,0,0,0
560,01-02-2010,Adelaide,15.5,31.9,0,25.4,7.4,SE,30,SE,WSW,15,7,50,23,1015.5,1011.3,0,0,18.7,31.1,0,0,0
561,02-02-2010,Adelaide,18.7,33.9,0,7.4,4.2,ENE,39,SSW,SW,2,11,43,31,1010.6,1008.6,0,0,25.3,31.1,0,3,1
562,03-02-2010,Adelaide,21.5,34.3,3,6.2,2.3,NNE,26,NNE,W,2,17,63,39,1007.2,1004.9,0,0,24.6,31.7,1,1,0
563,04-02-2010,Adelaide,21.9,29.6,1,5.4,7.3,SW,52,SW,WSW,9,20,72,51,1008.7,1008.1,0,0,24.3,27.6,0,0,0
564,05-02-2010,Adelaide,15.4,24.4,0,7.2,12.8,SSE,43,SSE,SSE,19,19,50,30,1018.5,1018.1,0,0,18,23.1,0,0,0
565,06-02-2010,Adelaide,13.6,28.4,0,0,13,W,30,0,WSW,0,19,55,31,1021.6,1018.5,0,0,17.3,26.4,0,0,0
566,07-02-2010,Adelaide,15.5,35,0,0,12.7,SW,33,NNE,WSW,2,15,35,17,1018.1,1016.9,0,0,24.2,33,0,0,0
567,08-02-2010,Adelaide,24,38.1,0,23.4,13,SE,39,NNE,WSW,9,19,36,24,1018,1016,0,0,32.4,37.4,0,0,0
568,09-02-2010,Adelaide,26.8,39,0,11.6,12.5,ESE,43,NE,SW,13,17,36,23,1017.4,1015.7,0,0,32.8,38.5,0,0,0
569,10-02-2010,Adelaide,26,38.6,0,10.6,11.9,ESE,33,N,WSW,2,17,36,28,1017,1013.9,0,0,31.4,36.8,0,0,0
570,11-02-2010,Adelaide,23.4,29,0,11,0.9,SE,33,NE,SSW,7,6,60,79,1013,1014.5,0,0,26.9,21.2,0,1.6,1
571,12-02-2010,Adelaide,17.2,28.8,1.6,1.6,11.4,SW,37,SE,WSW,9,24,63,45,1014.9,1011.8,0,0,20.1,27.2,1,0,0
572,13-02-2010,Adelaide,17.3,31,0,0,11,WSW,33,ENE,SW,4,17,56,33,1010.2,1007.4,0,0,22.6,29.6,0,0,0
573,14-02-2010,Adelaide,19.2,29.4,0,0,12.9,SSE,43,NNE,S,4,20,48,19,1010.2,1010.3,0,0,23.6,28.6,0,0,0
574,15-02-2010,Adelaide,18.2,26.1,0,22.6,9.8,SSE,39,S,S,15,20,66,51,1016.3,1015.4,0,0,20.3,24.9,0,0,0
575,16-02-2010,Adelaide,17.4,32.4,0,5.2,13,SW,31,N,SW,2,17,62,36,1015.9,1014.2,0,0,22.5,30.9,0,0,0
576,17-02-2010,Adelaide,20.3,31.8,0,8,12.8,SE,46,WSW,SSW,7,19,37,28,1017.2,1017.2,0,0,25.4,30.3,0,0,0
577,18-02-2010,Adelaide,19.5,32.8,0,9.8,12.8,ESE,37,SE,ESE,7,15,40,24,1021.2,1019,0,0,24,31.6,0,0,0
578,19-02-2010,Adelaide,18.5,36.6,0,11.4,12.5,SW,26,SSE,W,6,13,38,18,1018.8,1015.5,0,0,25.1,35.4,0,0,0
579,20-02-2010,Adelaide,23.1,36.5,0,0,6.9,NW,54,N,NNW,13,28,26,23,1012,1009.6,0,0,29.6,35.3,0,0,0
580,21-02-2010,Adelaide,20.4,26.2,0,0,9.8,SW,30,SW,WSW,9,13,70,51,1013.8,1012.4,0,0,21.4,26,0,0,0
581,22-02-2010,Adelaide,18.1,25.3,0,20.6,11.3,SW,41,WSW,SW,15,22,63,40,1016.3,1017.1,0,0,20.4,24,0,0,0
582,23-02-2010,Adelaide,14.8,27.2,0,6.4,12.4,ESE,41,SE,SE,11,9,47,22,1023.3,1020.4,0,0,16.7,25.2,0,0,0
583,24-02-2010,Adelaide,14.9,30.7,0,6.2,12.4,SE,44,NNW,WSW,2,17,49,25,1021.4,1019.6,0,0,20.5,28.4,0,0,0
584,25-02-2010,Adelaide,19.6,32.3,0,8.6,12,ESE,48,ENE,WSW,11,17,25,22,1021.6,1019.5,0,0,24.2,31,0,0,0
585,26-02-2010,Adelaide,18.6,36.2,0,7.8,11.9,SW,31,WSW,WSW,2,15,39,12,1017.9,1015,0,0,24.7,35.7,0,0,0
586,27-02-2010,Adelaide,18.5,29.4,0,0,12.4,SE,41,SE,SSE,17,20,57,32,1018.4,1017,0,0,21.5,28.4,0,0,0
587,28-02-2010,Adelaide,15.1,23.5,0,0,12.1,SE,50,SE,SSE,19,19,51,35,1021.5,1020.4,0,0,17.1,22.7,0,0,0
588,01-03-2010,Adelaide,13.6,22.7,0,23.4,11.4,ESE,52,SSE,SE,19,26,50,30,1023.6,1019.7,0,0,15.4,21.8,0,0,0
589,02-03-2010,Adelaide,13.1,27.5,0,7.2,12.1,SE,48,SE,SE,19,15,51,26,1020.4,1016.9,0,0,16.1,26.6,0,0,0
590,03-03-2010,Adelaide,16.1,30.3,0,6.2,12.1,ENE,35,SSW,WSW,4,20,47,23,1016.4,1012.3,0,0,22.2,29.7,0,0,0
591,04-03-2010,Adelaide,18.7,34,0,7,11.5,NNE,31,NW,WSW,6,13,39,23,1008.9,1005.7,0,0,23.8,31.5,0,0,0
592,05-03-2010,Adelaide,18,26,0,7.6,11.8,WNW,39,NNE,W,11,13,67,47,1006.6,1006.3,0,0,21.2,25,0,1.6,1
593,06-03-2010,Adelaide,16.3,24.5,1.6,0,5.9,NW,43,N,WNW,9,17,59,37,1010.1,1007.2,0,0,17.5,22.8,1,6.6,1
594,07-03-2010,Adelaide,13.8,23.9,6.6,0,6,E,37,ENE,ESE,13,17,56,44,1009.1,1006.8,0,0,17,23.1,1,0.4,0
595,08-03-2010,Adelaide,16.4,21.1,0.4,0,0.3,W,52,WSW,WSW,20,30,68,68,1008.3,1010.4,0,0,18.3,20.1,0,1.6,1
596,09-03-2010,Adelaide,14.3,22,1.6,16.4,7.8,SW,39,S,SW,11,20,75,36,1021.2,1022.5,0,0,16.8,21.6,1,0,0
597,10-03-2010,Adelaide,13.8,19.8,0,4.8,4.6,SE,33,S,SSE,6,13,54,41,1030.7,1030.7,0,0,15.7,18.9,0,0,0
598,11-03-2010,Adelaide,11.9,23,0,3.4,10.6,ESE,39,ESE,SE,13,17,61,31,1034.8,1031.4,0,0,15.1,21.9,0,0,0
599,12-03-2010,Adelaide,14.2,28.8,0,6,10.2,SE,43,NNE,E,9,17,49,27,1032.1,1029.3,0,0,20.4,27.5,0,0,0
600,13-03-2010,Adelaide,20.2,31.8,0,0,9.4,E,39,ENE,E,15,7,35,25,1029.3,1025.7,0,0,23.9,29.4,0,0,0
601,14-03-2010,Adelaide,22.4,28.9,0,0,1.7,NE,35,NE,SW,17,7,33,43,1024.1,1021.8,0,0,24.3,25.8,0,0,0
602,15-03-2010,Adelaide,17.1,32.1,0,16,11.2,0,0,NNE,0,7,0,40,35,1021.2,0,0,0,24,30.8,0,0,0
603,16-03-2010,Adelaide,16.5,34.9,0,5.8,8.2,NW,35,0,WNW,0,13,46,22,1020.6,1018.3,0,0,20.6,34.5,0,0,0
604,17-03-2010,Adelaide,20.6,36,0,6.6,3.9,NW,31,NE,W,7,17,41,18,1021,1019.5,0,0,25,34.7,0,0,0
605,18-03-2010,Adelaide,22.6,35.6,0,5.8,6.3,WNW,44,NE,WSW,9,26,41,32,1020.4,1017.1,0,0,25.6,31.9,0,2.2,1
606,19-03-2010,Adelaide,19,26.9,2.2,5.4,9.3,WSW,26,SSW,SW,11,11,88,58,1020,1019.2,0,0,20.8,25.1,1,0,0
607,20-03-2010,Adelaide,16,28.5,0,0,9.4,WSW,26,N,SW,9,15,74,38,1021.8,1019.9,0,0,18.6,26.8,0,0.4,0
608,21-03-2010,Adelaide,17.6,29.5,0.4,0,10.8,WSW,46,NNW,WSW,6,19,68,37,1023.5,1021.5,0,0,20.1,28.8,0,0,0
609,22-03-2010,Adelaide,12.8,23.9,0,14.8,10.9,WSW,30,ESE,WSW,9,15,62,44,1025,1022.6,0,0,16.1,22.9,0,0,0
610,23-03-2010,Adelaide,10.4,24.9,0,3.8,10.9,WSW,28,ESE,SW,7,9,58,37,1025.7,1023.4,0,0,15.5,24,0,0,0
611,24-03-2010,Adelaide,11.5,29.2,0,5,10.9,WSW,24,0,WSW,0,9,64,28,1025.1,1021,0,0,15.9,28.5,0,0,0
612,25-03-2010,Adelaide,14.1,33.7,0,4,10.4,N,28,NE,NW,6,15,50,11,1019.3,1016.7,0,0,19.3,32.6,0,0,0
613,26-03-2010,Adelaide,14.8,33.3,0,6,6.9,WSW,28,S,SSW,2,13,37,34,1018.3,1016.2,0,0,21.9,27.7,0,0,0
614,27-03-2010,Adelaide,19.8,29.1,0,0,1.7,ENE,33,ESE,E,2,13,58,39,1017.5,1015.1,0,0,21,26.5,0,0.2,0
615,28-03-2010,Adelaide,21,22.6,0.2,0,0,SW,28,0,NNE,0,6,70,90,1011.5,1011.2,0,0,22.3,19,0,6,1
616,29-03-2010,Adelaide,18.1,24.2,6,9.2,9.5,WSW,41,SSW,SW,9,19,74,52,1016.6,1017.3,0,0,19.7,23.3,1,0,0
617,30-03-2010,Adelaide,13.5,24.2,0,4.6,10.1,ESE,30,SE,SE,9,15,71,36,1024.6,1022.3,0,0,16.5,23.5,0,0,0
618,31-03-2010,Adelaide,13.2,27,0,4.6,10.8,WSW,26,ENE,SW,9,9,50,31,1022,1018.9,0,0,18.1,26.5,0,0,0
619,01-04-2010,Adelaide,14.1,29,0,5,9.7,SE,30,0,WSW,0,11,55,28,1020.8,1018.6,0,0,17.6,28.5,0,0,0
620,02-04-2010,Adelaide,16.1,26.7,0,0,10.8,ESE,52,ESE,SE,9,9,54,33,1021.8,1019.2,0,0,17.7,26,0,0,0
621,03-04-2010,Adelaide,14.7,25,0,0,7.1,ESE,54,W,S,4,9,55,33,1022.4,1019.3,0,0,15.3,24.2,0,0,0
622,04-04-2010,Adelaide,15.2,28.4,0,0,8.7,SW,24,NNE,SW,11,15,35,28,1017.8,1013.9,0,0,22.1,27.2,0,0,0
623,05-04-2010,Adelaide,19.4,32.2,0,0,5.7,N,44,NE,WSW,7,13,34,19,1013.4,1008.5,0,0,23.4,30.5,0,34,1
624,06-04-2010,Adelaide,17.7,24.2,34,24.4,6.7,NE,35,N,W,9,20,95,58,1007.8,1006.4,0,0,18.1,22.5,1,0.2,0
625,07-04-2010,Adelaide,16.9,22.2,0.2,2.4,1,WNW,39,N,WNW,13,19,83,63,1012.2,1013.1,0,0,18.9,21.3,0,0,0
626,08-04-2010,Adelaide,16.9,24.5,0,2.2,8,E,39,SSE,SW,9,9,68,57,1020.3,1017.1,0,0,19.7,22.8,0,6,1
627,09-04-2010,Adelaide,17.6,22.9,6,3.8,1.9,ENE,35,NNE,SW,7,15,94,73,1011.7,1009.5,0,0,17.9,20.8,1,0.4,0
628,10-04-2010,Adelaide,15.3,22.7,0.4,0,7.9,WSW,50,W,WSW,15,19,77,66,1013.3,1011,0,0,18.5,21,0,0.6,0
629,11-04-2010,Adelaide,15.1,19.4,0.6,0,7.3,WSW,48,SW,SSW,22,15,58,48,1016.2,1016.6,0,0,17.1,18,0,0,0
630,12-04-2010,Adelaide,7.4,19.9,0,0,9.6,WSW,35,NNE,SW,2,20,56,44,1024,1022.2,0,0,13.3,19.2,0,0,0
631,13-04-2010,Adelaide,8.4,19.9,0,11.2,10.6,W,24,ESE,SSW,6,9,52,44,1028.1,1024.7,0,0,15.6,19.2,0,0,0
632,14-04-2010,Adelaide,9.6,21.8,0,2.8,9.9,SSW,22,0,WSW,0,11,60,41,1025.5,1022.4,0,0,15.6,21,0,0,0
633,15-04-2010,Adelaide,9.7,22.9,0,2.4,10.8,E,26,ENE,WSW,9,17,54,45,1025,1022.3,0,0,17.6,21.9,0,0,0
634,16-04-2010,Adelaide,10.9,25,0,3.2,9.4,NW,28,NNE,SW,13,15,45,38,1022.2,1018.8,0,0,18.7,22.7,0,0,0
635,17-04-2010,Adelaide,14,28.5,0,0,6.4,NNE,30,NNE,WSW,9,9,29,30,1020.1,1017.3,0,0,22.7,25.9,0,0.6,0
636,18-04-2010,Adelaide,17.2,27.3,0.6,0,4.4,NNW,30,NE,NNW,17,13,46,28,1018.5,1016,0,0,22.4,26.5,0,0.8,0
637,19-04-2010,Adelaide,15.5,24.6,0.8,9.6,5.6,SW,20,NE,SW,9,9,86,58,1019.1,1016.8,0,0,18.1,23.3,0,0,0
638,20-04-2010,Adelaide,15.5,27.8,0,2.4,5.6,N,31,0,SSE,0,13,72,46,1018.6,1015.4,0,0,20.1,27.5,0,0,0
639,21-04-2010,Adelaide,14.5,28.6,0,2.6,10.6,NW,24,N,SW,2,15,64,48,1019.5,1017.2,0,0,21.5,26.7,0,0,0
640,22-04-2010,Adelaide,16.7,30.2,0,3.2,10.6,NW,35,N,NNW,9,17,52,33,1019.9,1016.6,0,0,23.8,29.4,0,0,0
641,23-04-2010,Adelaide,20.4,26,0,4.4,1,NNE,30,NNW,NW,11,9,57,55,1016.6,1013.2,0,0,22.9,22.9,0,0,0
642,24-04-2010,Adelaide,17.4,21.2,0,0,4.2,WSW,52,W,WSW,17,22,75,59,1013.8,1012.4,0,0,17.6,18.7,0,4.2,1
643,25-04-2010,Adelaide,12.5,20,4.2,0,9.9,SW,33,S,WSW,9,15,76,52,1021.8,1022.3,0,0,16.2,19.7,1,0,0
644,26-04-2010,Adelaide,9.1,22.4,0,0,5.6,NNW,44,NNE,NNW,11,19,52,39,1023.5,1019.7,0,0,17.5,20.4,0,0.2,0
645,27-04-2010,Adelaide,15.4,20.1,0.2,10,7.7,0,0,S,SW,13,19,67,42,1021.4,1020.6,0,0,17,19,0,0,0
646,28-04-2010,Adelaide,10.3,18.3,0,3,1.6,W,44,NNE,WNW,7,24,73,72,1023.6,1021.5,0,0,13.5,17.5,0,2.6,1
647,29-04-2010,Adelaide,13.5,19.2,2.6,1.2,2.6,WSW,35,0,SW,0,13,78,57,1025.7,1025.2,0,0,16.6,17.7,1,0,0
648,30-04-2010,Adelaide,10.8,21.2,0,1.8,6.6,ENE,22,ENE,NW,9,7,66,48,1028.4,1024.7,0,0,15.7,21,0,0,0
649,01-05-2010,Adelaide,11.9,25.3,0,0,10.3,NNW,35,N,NW,11,17,58,36,1023.8,1020.8,0,0,18.1,24.8,0,0,0
650,02-05-2010,Adelaide,13.1,20.3,0,0,3,ESE,41,SSE,ESE,13,13,67,46,1026.2,1024.9,0,0,17.1,19.5,0,0,0
651,03-05-2010,Adelaide,14.8,26.3,0,9.2,8,NNW,37,NNE,NW,11,19,48,30,1021.2,1015.6,0,0,19.2,24.6,0,5.2,1
652,04-05-2010,Adelaide,14.7,17.7,5.2,3,4.2,W,54,WSW,WSW,24,15,89,67,1014.4,1015,0,0,14.8,15.4,1,1.4,1
653,05-05-2010,Adelaide,11.1,17.1,1.4,3,3.2,W,48,0,WSW,0,11,65,74,1021.8,1020.9,0,0,14.8,14.8,1,4.2,1
654,06-05-2010,Adelaide,11.8,19.7,4.2,0.8,4.8,W,24,N,W,7,13,93,67,1024.8,1022.9,0,0,13.3,18.1,1,0,0
655,07-05-2010,Adelaide,12.1,20,0,1.8,4,WNW,28,N,WNW,9,13,68,68,1024.6,1022.6,0,0,15.6,19,0,0.6,0
656,08-05-2010,Adelaide,14.5,21.9,0.6,0,6.5,WNW,20,N,NW,7,9,90,53,1024.6,1021.3,0,0,15.8,21.1,0,0,0
657,09-05-2010,Adelaide,10.5,23.6,0,0,10.3,W,30,NE,NW,9,15,63,43,1020.6,1016.7,0,0,17.5,23.3,0,0,0
658,10-05-2010,Adelaide,11.8,23.4,0,5.6,9.5,NNW,46,NNE,WNW,9,20,40,28,1014.7,1010.8,0,0,17.8,23.3,0,0,0
659,11-05-2010,Adelaide,12.3,16.4,0,3.4,9.6,SW,48,SW,SSW,22,20,43,39,1019.8,1021,0,0,14.4,15.6,0,0,0
660,12-05-2010,Adelaide,8.9,16.8,0,3.2,4.1,SW,19,NNE,SE,9,7,59,43,1027.4,1025.6,0,0,12.5,15.5,0,0,0
661,13-05-2010,Adelaide,6,18.5,0,1.6,9.9,NNW,24,NE,N,9,9,51,36,1026.5,1021.7,0,0,13.3,18,0,0,0
662,14-05-2010,Adelaide,5.9,19.9,0,2,9.8,NW,24,NNE,W,9,11,43,28,1021.6,1017.4,0,0,13.8,18.5,0,0,0
663,15-05-2010,Adelaide,4.3,19.3,0,0,4,NE,22,0,NE,0,11,57,24,1018.9,1015.6,0,0,9.8,18.3,0,0,0
664,16-05-2010,Adelaide,7,20.7,0,0,8.4,NNW,26,NNE,W,4,11,43,34,1017.7,1016.3,0,0,14.8,19.8,0,0,0
665,17-05-2010,Adelaide,7,20.4,0,6.4,9.5,NW,17,0,WNW,0,11,62,36,1020.8,1018.5,0,0,13.1,19.9,0,0,0
666,18-05-2010,Adelaide,6.5,20.1,0,1.6,9.4,WSW,17,NE,WNW,6,6,66,50,1022.3,1019.9,0,0,12.7,20,0,0,0
667,19-05-2010,Adelaide,7.8,20.9,0,1,6,NNE,15,NNE,WNW,6,9,62,37,1023.2,1020.3,0,0,13.8,20.3,0,0,0
668,20-05-2010,Adelaide,11.5,21,0,1.4,5,ESE,24,NNE,NW,6,9,54,44,1022.2,1020,0,0,14.9,20.3,0,0,0
669,21-05-2010,Adelaide,7.1,20.2,0,1.2,9.6,W,22,0,SW,0,15,60,40,1023.6,1021.2,0,0,14,19.5,0,0,0
670,22-05-2010,Adelaide,7,21.3,0,0,9.2,NE,28,ENE,WSW,2,9,64,33,1022.6,1018.2,0,0,13.6,20.5,0,0,0
671,23-05-2010,Adelaide,12.9,16.7,0,0,0.4,NE,54,NE,NNE,17,24,42,56,1014.6,1010.2,0,0,14.9,13.9,0,5,1
672,24-05-2010,Adelaide,11.2,20.4,5,6.2,3.3,NE,35,NNE,N,11,7,76,69,1006.2,1003.1,0,0,15.2,19.3,1,20,1
673,25-05-2010,Adelaide,13.1,17.8,20,0.6,2,SE,31,0,S,0,15,97,65,1005.9,1006.6,0,0,13.8,17.5,1,0.6,0
674,26-05-2010,Adelaide,13.7,19.3,0.6,1.6,5.4,SW,28,SW,WSW,7,17,78,61,1014.7,1013.8,0,0,15.8,18.2,0,0,0
675,27-05-2010,Adelaide,9.2,19.5,0,1.6,5.6,N,26,N,N,2,17,83,48,1018.3,1014.2,0,0,12.9,19,0,0,0
676,29-05-2010,Adelaide,12.1,14.8,0,0,2.3,SW,50,WSW,SSW,22,15,66,89,1008.2,1010.3,0,0,14.1,14,0,17.8,1
677,30-05-2010,Adelaide,11.6,17,17.8,0,1.3,SSW,39,SW,SSW,9,17,92,76,1018.8,1018.3,0,0,14.2,15.6,1,2,1
678,31-05-2010,Adelaide,11.6,17.2,2,1.8,4.6,SSE,28,SSW,S,7,9,77,56,1021.1,1018.3,0,0,13.7,16.9,1,0,0
679,01-06-2010,Adelaide,10.9,16.2,0,1.2,0.4,WNW,19,E,W,6,7,87,79,1019.4,1017.4,0,0,13.4,14.7,0,0.2,0
680,02-06-2010,Adelaide,6.8,17.9,0.2,0.4,5.7,WSW,20,NE,WSW,6,15,77,65,1022.7,1022.5,0,0,11.9,16,0,0,0
681,03-06-2010,Adelaide,5.6,17.6,0,1.4,9.2,W,22,0,WSW,0,13,82,49,1026.8,1024.4,0,0,10.9,16.9,0,0,0
682,05-06-2010,Adelaide,9.9,16.9,0,0,7.7,S,35,0,SSE,0,13,87,61,1023.7,1023.1,0,0,12.7,15.8,0,0.2,0
683,06-06-2010,Adelaide,5.7,14.3,0.2,0,1.5,WSW,20,NNE,0,4,0,82,80,1029,1028.1,0,0,9.4,12.4,0,0.6,0
684,07-06-2010,Adelaide,6.5,15.5,0.6,3,5.3,WNW,22,NE,NW,4,9,86,41,1028.9,1025.9,0,0,8.6,14.9,0,0.4,0
685,08-06-2010,Adelaide,6.6,15.9,0.4,1.4,4.5,W,61,NNE,NW,9,28,74,44,1022.7,1017.3,0,0,10.5,15.1,0,6.4,1
686,09-06-2010,Adelaide,8.7,15.1,6.4,1.6,5.5,SW,61,WSW,SSW,17,26,67,72,1019.5,1020.4,0,0,13.4,13.6,1,1.4,1
687,10-06-2010,Adelaide,7.3,16.3,1.4,1.4,2.9,W,31,E,W,2,17,92,64,1028.5,1026.7,0,0,9.6,14.9,1,1.4,1
688,11-06-2010,Adelaide,9.6,16.1,1.4,0.8,3.9,SW,35,SSW,SW,6,24,78,58,1028.3,1026.4,0,0,13.3,15,1,0,0
689,12-06-2010,Adelaide,6.9,16,0,0,5.3,W,24,0,WSW,0,13,90,61,1030,1028.7,0,0,9.1,15,0,0,0
690,13-06-2010,Adelaide,4.3,13.4,0,0,1.1,SSW,20,0,SW,0,13,74,49,1034,1032,0,0,8.4,12.5,0,0,0
691,14-06-2010,Adelaide,2.2,13.8,0,0,9.2,NNE,26,ENE,NNE,4,6,79,38,1034.4,1030.8,0,0,6.5,13.6,0,0,0
692,15-06-2010,Adelaide,2.3,14,0,5,8.4,NNW,24,NE,WNW,6,7,59,43,1029.2,1025.1,0,0,8.8,13.8,0,0,0
693,16-06-2010,Adelaide,6.1,16.9,0,2,1,NNW,54,NNE,NNW,11,28,53,45,1019.3,1011.5,0,0,12.7,16.3,0,6.4,1
694,17-06-2010,Adelaide,12,16.3,6.4,1.2,4.8,WSW,65,WNW,WSW,19,24,77,57,1014.4,1015.8,0,0,13.1,14.5,1,1,0
695,18-06-2010,Adelaide,9.7,16.5,1,1.6,1.7,NW,31,NNE,NW,9,15,92,75,1019.9,1018.3,0,0,10.9,15.7,0,2.6,1
696,19-06-2010,Adelaide,10.8,17,2.6,0,1.8,WNW,35,WNW,WNW,11,11,96,88,1023.2,1023.1,0,0,14.3,15,1,0.2,0
697,20-06-2010,Adelaide,13.1,17.3,0.2,0,4,WSW,22,N,SW,4,11,96,65,1029.4,1028.5,0,0,13.4,16.8,0,0.2,0
698,21-06-2010,Adelaide,6.4,16.4,0.2,1.8,4.4,SW,19,0,SSW,0,7,95,76,1034.9,1033.1,0,0,9.4,14.8,0,0,0
699,22-06-2010,Adelaide,9.4,17.3,0,1.2,0.4,ESE,26,ENE,ENE,2,6,78,55,1034.5,1031.3,0,0,12.5,17.2,0,0,0
700,23-06-2010,Adelaide,8.2,18.2,0,0.8,8.1,NE,28,NE,N,4,11,66,41,1030.1,1025.9,0,0,10.8,17.5,0,0,0
701,24-06-2010,Adelaide,10.8,18.2,0,2,1.4,N,35,NE,N,11,17,63,48,1020.8,1015.9,0,0,13.6,18.1,0,10.2,1
702,25-06-2010,Adelaide,11.1,15.2,10.2,1,5.4,SSW,37,0,SSW,0,20,95,53,1018.8,1020.5,0,0,11.6,14.1,1,0.6,0
703,26-06-2010,Adelaide,6.4,14.2,0.6,0,6.1,WSW,31,0,SSE,0,13,87,49,1027.7,1026.1,0,0,7.9,13.3,0,0.2,0
704,27-06-2010,Adelaide,3.1,14.5,0.2,0,7.9,N,22,ENE,NW,2,13,78,45,1027.5,1024.2,0,0,7.4,14,0,0,0
705,28-06-2010,Adelaide,6.3,14.6,0,4.2,5,NNW,54,N,NNW,17,28,66,44,1019.3,1015.4,0,0,8.9,14,0,17,1
706,29-06-2010,Adelaide,8.4,11.9,17,1.6,0.5,WSW,35,N,WSW,17,15,93,91,1014.3,1013.6,0,0,8.5,9.6,1,16.8,1
707,30-06-2010,Adelaide,5.2,14,16.8,2,5.6,SSW,24,0,S,0,7,99,67,1020.8,1020.7,0,0,8.1,11.3,1,1,0
708,01-07-2010,Adelaide,3.4,12,1,0.2,2,N,13,WSW,N,2,7,94,68,1025.1,1024,0,0,6.4,11.9,0,0,0
709,02-07-2010,Adelaide,2.3,13.9,0,0.2,7.7,W,22,NE,WSW,6,11,94,62,1025.6,1025.1,0,0,6.3,13,0,0,0
710,03-07-2010,Adelaide,4.5,15.6,0,0,8.2,N,17,0,WSW,0,9,91,49,1033.6,1031.7,0,0,8.2,15,0,0,0
711,04-07-2010,Adelaide,3,15,0,0,8.9,N,22,NE,NNW,7,13,74,43,1031.2,1026.5,0,0,9,14.5,0,0,0
712,05-07-2010,Adelaide,2.4,14.1,0,3.4,8,ENE,19,ENE,WNW,9,11,67,43,1025.6,1022.4,0,0,9.5,13.8,0,0,0
713,06-07-2010,Adelaide,3,15,0,0.8,6.4,WNW,20,NNE,WNW,7,13,81,56,1026.2,1024.5,0,0,7.9,14.2,0,0,0
714,07-07-2010,Adelaide,7.9,15.9,0,0,4.7,WSW,17,NE,SW,7,9,82,61,1029.2,1026.5,0,0,10.8,14.1,0,0,0
715,08-07-2010,Adelaide,4.4,17,0,1.4,6.1,N,22,0,NE,0,6,88,39,1028.4,1024.7,0,0,8.2,16,0,0,0
716,11-07-2010,Adelaide,9.9,16.4,0,0,4.3,NW,33,N,NW,13,19,85,61,1019.4,1018.9,0,0,10.6,15.7,0,10,1
717,12-07-2010,Adelaide,6.9,16.5,10,5.4,6.9,NNW,41,NNE,N,13,22,64,39,1019.6,1014.1,0,0,11.7,16.2,1,0,0
718,13-07-2010,Adelaide,11.7,18.5,0,2,5.1,W,65,N,W,13,20,64,79,1005.4,1003.3,0,0,14.4,11.4,0,12.4,1
719,14-07-2010,Adelaide,9.1,15.3,12.4,2.2,0,NW,65,W,WSW,20,20,88,77,1011.5,1014.2,0,0,11.9,14.3,1,4.4,1
720,15-07-2010,Adelaide,9.9,15.7,4.4,0.8,4.3,WSW,26,NNE,WSW,6,13,82,52,1024.9,1024.6,0,0,12.1,15.2,1,0,0
721,16-07-2010,Adelaide,8.8,15.8,0,1.4,1.8,NNW,24,0,WNW,0,9,80,63,1028.2,1026,0,0,11.3,14.6,0,0,0
722,17-07-2010,Adelaide,8.1,16.4,0,0,7.6,NNW,41,N,NNW,13,24,61,54,1025.6,1021.4,0,0,11.4,15.5,0,2,1
723,18-07-2010,Adelaide,9.1,11.5,2,0,0,NNE,26,NE,NNE,11,11,90,92,1019.1,1016.9,0,0,9.2,10.8,1,12.4,1
724,19-07-2010,Adelaide,6.3,15.2,12.4,2.4,7.2,W,31,NNE,NW,6,17,99,58,1022.7,1021.2,0,0,7.8,14.9,1,5.2,1
725,20-07-2010,Adelaide,7,15,5.2,1,6.4,SW,28,N,SSW,6,11,95,71,1027.3,1026.6,0,0,9.7,12.7,1,0.6,0
726,21-07-2010,Adelaide,3.5,15.2,0.6,1,7.1,SW,20,NNE,SW,2,13,91,69,1032.3,1031.1,0,0,7.2,14,0,0,0
727,22-07-2010,Adelaide,4.3,13.7,0,1,3.8,SW,15,0,WSW,0,9,88,74,1035.9,1033.9,0,0,9.6,13.2,0,0,0
728,23-07-2010,Adelaide,8.3,12.6,0,0.4,0,ENE,19,0,WNW,0,7,73,73,1035.9,1033.2,0,0,11.3,12,0,0,0
729,24-07-2010,Adelaide,7,13.3,0,0,0,SE,20,NE,SW,6,9,72,59,1033.7,1031.3,0,0,10.8,12.9,0,0,0
730,25-07-2010,Adelaide,3.5,15.3,0,0,9.6,WSW,22,0,SW,0,11,84,59,1033.9,1031.6,0,0,7.9,14.2,0,0,0
731,26-07-2010,Adelaide,4.6,17.4,0,2.8,7.8,NNE,26,0,E,0,11,80,42,1035.9,1033.1,0,0,9.5,15.8,0,0,0
732,27-07-2010,Adelaide,7.4,16.3,0,1.4,8.1,ENE,35,NE,ENE,17,17,55,44,1031.6,1027.2,0,0,11.3,16.2,0,0,0
733,28-07-2010,Adelaide,7,18.7,0,2.4,7.7,ENE,35,NE,NNW,9,9,54,33,1021.7,1016.6,0,0,13.2,17.9,0,9.8,1
734,29-07-2010,Adelaide,11.2,15.2,9.8,1.2,0.2,NNW,31,NNE,NW,11,15,89,83,1012.4,1010.3,0,0,12.4,15,1,0.4,0
735,30-07-2010,Adelaide,11.1,18.2,0.4,0.8,5.4,W,46,N,NW,7,19,67,74,1011.3,1010.5,0,0,13.4,15.3,0,1.6,1
736,31-07-2010,Adelaide,9.5,15.8,1.6,1.6,0.8,WSW,54,NNE,NW,7,20,89,73,1019.4,1018.1,0,0,10.4,15.5,1,12.8,1
737,01-08-2010,Adelaide,8.3,12.6,12.8,0,8.3,SW,69,SW,SSW,24,20,62,59,1024.5,1027.2,0,0,10.2,11.2,1,1.4,1
738,02-08-2010,Adelaide,6.5,14.6,1.4,3.8,8.2,SSE,41,S,SSE,9,17,72,48,1034.3,1031.9,0,0,10,13.6,1,0,0
739,03-08-2010,Adelaide,7.1,12.4,0,1.8,0,WNW,24,ENE,W,7,13,65,65,1029.6,1026.1,0,0,10.8,11.7,0,8.6,1
740,04-08-2010,Adelaide,8.5,12.5,8.6,1,2.8,S,43,NW,S,6,13,96,68,1017.9,1018,0,0,8.7,12,1,7.4,1
741,05-08-2010,Adelaide,3.7,13.4,7.4,2.4,3.8,SW,28,N,SW,2,13,86,54,1026,1025.3,0,0,6.8,13.2,1,0.2,0
742,08-08-2010,Adelaide,7.4,13.4,0,0,0.7,N,31,N,NNE,15,6,50,74,1015.9,1012.3,0,0,11.1,11.4,0,4.8,1
743,09-08-2010,Adelaide,7.1,14,4.8,3,1.8,N,24,0,NNE,0,7,87,55,1014.3,1012.7,0,0,10.1,12.5,1,0.6,0
744,10-08-2010,Adelaide,6.6,16.1,0.6,1,9.8,SSE,44,S,S,11,20,61,40,1014.1,1013.1,0,0,10.9,15.4,0,1.8,1
745,11-08-2010,Adelaide,10.7,14.9,1.8,2.4,8,SW,52,SSW,SW,13,28,66,61,1017.8,1017.3,0,0,13.2,13.9,1,0.2,0
746,12-08-2010,Adelaide,9.6,13.6,0.2,2.8,3,WSW,39,SSW,SW,11,19,87,61,1022.6,1021.9,0,0,10.8,12.8,0,0.2,0
747,13-08-2010,Adelaide,7.2,16.2,0.2,1.4,6.2,N,39,NE,NNW,17,22,63,46,1017.4,1011,0,0,9.4,15.7,0,4,1
748,14-08-2010,Adelaide,9.4,16.3,4,0,1.4,N,59,N,NW,28,19,80,59,996.3,997.3,0,0,11.9,15.4,1,6.6,1
749,15-08-2010,Adelaide,11,14,6.6,0,3.4,WSW,54,W,WSW,31,19,51,75,1011.9,1014.2,0,0,12,11.7,1,3.2,1
750,16-08-2010,Adelaide,9.7,14.5,3.2,6,6.7,0,0,SSW,WSW,11,15,67,43,1020.2,1020.8,0,0,11.2,13.3,1,0,0
751,17-08-2010,Adelaide,4.8,16.3,0,2,4.5,N,44,NE,NNE,17,19,47,43,1020.2,1013.3,0,0,11.1,15.2,0,4.8,1
752,18-08-2010,Adelaide,10.3,19.8,4.8,2.8,5.5,NW,54,N,NW,9,20,78,50,1000.4,998.6,0,0,12.5,18.3,1,1.2,1
753,19-08-2010,Adelaide,10,13.6,1.2,2.8,6,WNW,57,WNW,WNW,24,28,64,69,1010.2,1011.4,0,0,12.2,12.8,1,5.8,1
754,20-08-2010,Adelaide,7.6,14.7,5.8,1.6,6,W,65,W,WNW,13,15,78,67,1018.2,1017.9,0,0,10.4,12.2,1,13,1
755,21-08-2010,Adelaide,8,15.9,13,0,8.8,W,35,N,NW,6,17,87,48,1021.2,1019.4,0,0,9.6,15.1,1,0,0
756,22-08-2010,Adelaide,4,18.4,0,0,0,NNW,41,NE,NW,13,20,42,31,1018.5,1014.4,0,0,12.8,17.6,0,2.8,1
757,23-08-2010,Adelaide,9.4,15.6,2.8,6.4,3,W,56,NNW,WSW,19,28,95,77,1013.1,1012.2,0,0,10.8,12.4,1,1.2,1
758,24-08-2010,Adelaide,8.4,13,1.2,1,1.8,WSW,69,N,WSW,17,24,78,66,1013,1011.1,0,0,10.2,12.5,1,4.2,1
759,25-08-2010,Adelaide,8.6,12.4,4.2,0.8,1.9,WNW,57,NW,WSW,19,20,83,73,1010.5,1006.7,0,0,10.2,11.1,1,28.4,1
760,26-08-2010,Adelaide,9,14.6,28.4,0.6,4.1,SW,65,WSW,WSW,20,24,82,63,1008.1,1010.3,0,0,11.5,13.6,1,1,0
761,27-08-2010,Adelaide,10.4,15.5,1,2,0,SSW,35,SW,SW,17,17,78,64,1017.9,1018.9,0,0,12.5,15,0,1,0
762,28-08-2010,Adelaide,7.8,15.3,1,0,0,W,20,ENE,WSW,7,9,78,57,1027.3,1026.3,0,0,11.7,14.5,0,0,0
763,29-08-2010,Adelaide,7.2,17.7,0,0,9.7,NNW,31,NNE,NW,9,15,51,44,1028.6,1026,0,0,13.9,16.9,0,0,0
764,30-08-2010,Adelaide,5.7,20.1,0,5.4,9.1,N,31,NNE,NNW,9,17,49,34,1027,1022.6,0,0,14.4,20,0,0,0
765,31-08-2010,Adelaide,14.1,20.1,0,3.8,4.4,N,52,N,N,20,20,34,34,1017.6,1013.2,0,0,16.2,18.7,0,1.4,1
766,01-09-2010,Adelaide,12.1,15.8,1.4,2.2,0,ESE,20,ESE,SSE,6,13,89,75,1016.3,1014.8,0,0,13,13.2,1,0.8,0
767,02-09-2010,Adelaide,10.7,15.4,0.8,0.4,3.8,E,46,ESE,SE,9,15,55,47,1019.9,1019.9,0,0,12.8,15.3,0,0.4,0
768,03-09-2010,Adelaide,11.1,18.3,0.4,3,0.1,NE,67,ENE,ENE,13,20,67,82,1015.1,1006.2,0,0,11.3,11.6,0,37.6,1
769,04-09-2010,Adelaide,9.4,13.7,37.6,1.4,0,SW,78,N,SW,20,39,95,92,991.3,994,0,0,12.4,12.3,1,6.6,1
770,05-09-2010,Adelaide,9,14.9,6.6,0,3.8,WNW,41,WNW,WNW,17,22,74,78,1017.1,1017,0,0,13.1,12.7,1,8.8,1
771,06-09-2010,Adelaide,5.2,14.6,8.8,1.6,7.8,WSW,30,WSW,WSW,2,17,78,53,1024.4,1024,0,0,10.9,13.4,1,0,0
772,07-09-2010,Adelaide,4.1,17.1,0,1.8,8.9,N,39,ENE,N,13,20,50,44,1026.8,1022.6,0,0,12.6,16.6,0,0,0
773,08-09-2010,Adelaide,12.2,18.6,0,3.6,2.5,NNE,46,NNE,NNE,19,17,60,67,1018.1,1012.8,0,0,14.1,16.1,0,4,1
774,09-09-2010,Adelaide,13.5,19.6,4,1.2,8.1,W,50,WNW,NW,7,19,88,37,1010.1,1006.7,0,0,14.9,19.3,1,1.4,1
775,10-09-2010,Adelaide,10.3,16.5,1.4,3.4,6.4,W,48,WSW,W,17,22,76,55,1010.6,1013.4,0,0,13.4,15.9,1,0,0
776,11-09-2010,Adelaide,11.3,16.9,0,0,5,W,33,NW,NW,13,15,57,49,1020.5,1019.1,0,0,13.7,16.3,0,0,0
777,12-09-2010,Adelaide,8.1,19.6,0,0,9.2,NW,39,N,NW,11,24,49,39,1017.8,1014.7,0,0,15.7,18.6,0,0,0
778,13-09-2010,Adelaide,12.4,20.5,0,8.4,2.6,ESE,31,NE,ESE,7,15,74,50,1015.8,1012.1,0,0,15.1,19.3,0,9.2,1
779,14-09-2010,Adelaide,11.9,16.4,9.2,2.2,4.6,SW,39,SSE,SSW,9,13,76,56,1017.3,1017.8,0,0,12.7,15.2,1,0.4,0
780,15-09-2010,Adelaide,9.1,16.1,0.4,2.6,8.7,WNW,43,W,WSW,17,20,71,63,1022.6,1020.9,0,0,12.5,14.4,0,0.8,0
781,16-09-2010,Adelaide,10.6,15.7,0.8,2.8,8.6,WSW,43,SW,SW,19,24,61,50,1025.5,1024.7,0,0,12.3,14.3,0,0,0
782,17-09-2010,Adelaide,10.2,15.1,0,3.8,1,SW,33,SSW,SSW,9,15,45,51,1030.7,1027.7,0,0,12.2,14.1,0,0,0
783,18-09-2010,Adelaide,8.1,15.8,0,0,3.2,WSW,33,S,SW,17,19,52,63,1027.5,1024.4,0,0,11.8,13.8,0,0,0
784,19-09-2010,Adelaide,9.1,17.6,0,0,8.1,S,37,SSW,SSW,7,19,81,48,1029,1027.2,0,0,12.3,16.7,0,0,0
785,20-09-2010,Adelaide,8.8,15.6,0,7.4,0.6,SSW,28,S,WSW,7,13,65,72,1032.3,1029.7,0,0,12.4,14.2,0,0,0
786,21-09-2010,Adelaide,10,18,0,1.4,6.5,SSE,31,SSE,SE,11,19,68,60,1030.7,1028.4,0,0,13.7,16,0,0,0
787,22-09-2010,Adelaide,8.2,18.2,0,2.2,7.5,SE,35,0,SE,0,15,64,53,1030.7,1027.3,0,0,12.8,16.8,0,0,0
788,23-09-2010,Adelaide,8.2,16.6,0,2.8,5.8,SSW,37,W,SW,9,20,67,48,1030.5,1027.6,0,0,13.1,15.8,0,0,0
789,24-09-2010,Adelaide,4.9,18.3,0,3,10.1,NNE,24,NNW,W,9,11,57,47,1025.9,1022,0,0,12.3,17.5,0,0,0
790,25-09-2010,Adelaide,10.1,18.6,0,0,2.6,WSW,35,WNW,SW,13,19,74,61,1018.9,1018.9,0,0,14.5,17.2,0,0,0
791,26-09-2010,Adelaide,7.3,18.2,0,0,7.8,W,28,N,W,9,15,64,50,1022.4,1018.2,0,0,13.2,17.1,0,0,0
792,27-09-2010,Adelaide,10.6,16.5,0,8,6.4,WSW,44,WNW,SW,19,22,73,55,1017.1,1017,0,0,15.4,14.7,0,0.6,0
793,28-09-2010,Adelaide,10.2,14.9,0.6,3,7.1,WSW,39,SW,SW,19,19,45,52,1020.6,1020.3,0,0,14.2,14.2,0,0.2,0
794,29-09-2010,Adelaide,5.1,16,0.2,2.8,6.9,WSW,30,SSW,SW,7,15,49,44,1028.5,1026.7,0,0,12.2,15.2,0,0,0
795,30-09-2010,Adelaide,5.3,18.1,0,2.4,7.7,NNW,30,NE,NW,11,13,43,26,1027,1023.4,0,0,12.8,16.8,0,0,0
796,01-10-2010,Adelaide,9.8,22.5,0,3.2,9.2,E,35,NE,N,15,15,29,19,1023.4,1021.3,0,0,17.9,21,0,0,0
797,02-10-2010,Adelaide,14.7,23.5,0,0,10.9,NE,39,NE,NNE,24,17,30,20,1024,1021.1,0,0,18.3,23.5,0,0,0
798,03-10-2010,Adelaide,15.7,25.7,0,0,7.3,NE,46,NNE,NNE,15,19,40,27,1020.1,1016.9,0,0,18.9,24.6,0,0,0
799,04-10-2010,Adelaide,14.7,20,0,0,7.9,WNW,35,WSW,WSW,6,17,76,58,1019.9,1019.8,0,0,15.9,18.5,0,0,0
800,05-10-2010,Adelaide,9,21,0,21.4,11.5,WSW,28,W,SW,6,15,69,50,1023.5,1020,0,0,14.6,19.3,0,0,0
801,06-10-2010,Adelaide,10.8,21.4,0,3.2,10.9,WSW,56,SW,SW,9,28,65,59,1017,1019.5,0,0,16,16.2,0,0,0
802,07-10-2010,Adelaide,6.3,16.2,0,4.8,11.1,SW,41,S,SW,9,22,43,40,1028.4,1027.7,0,0,12.5,15.4,0,0,0
803,08-10-2010,Adelaide,9.3,18.1,0,4.4,3.8,WSW,26,SSW,SW,7,11,65,64,1029.8,1028,0,0,13.6,15.9,0,0,0
804,09-10-2010,Adelaide,6.6,20.8,0,0,11.5,ESE,44,SSE,WSW,2,17,64,43,1027.6,1024.3,0,0,13.4,20.1,0,0,0
805,10-10-2010,Adelaide,13.4,25.7,0,0,11.8,ESE,37,NE,ENE,15,20,42,27,1024.7,1021.5,0,0,18.7,25.1,0,0,0
806,11-10-2010,Adelaide,18.5,30,0,14.2,10.1,N,54,NNE,N,19,22,34,22,1020.8,1017.5,0,0,23.7,28.8,0,0,0
807,12-10-2010,Adelaide,20.2,21.9,0,7.8,0,NE,35,N,W,9,7,45,68,1019.9,1020.1,0,0,21.9,19.3,0,1.4,1
808,13-10-2010,Adelaide,13.2,18.8,1.4,1,3,W,28,ENE,WSW,6,17,72,58,1019.2,1016.6,0,0,14.5,18,1,0.2,0
809,14-10-2010,Adelaide,7.8,22.8,0.2,2.2,6.2,NNW,37,NNE,NW,11,13,61,34,1010,1004.1,0,0,15.3,22.5,0,10.4,1
810,15-10-2010,Adelaide,8.9,13.6,10.4,4,4.4,SW,59,SSW,SSW,20,17,84,68,1002,1005.1,0,0,9.2,11,1,2,1
811,16-10-2010,Adelaide,7.9,15.5,2,0,8.3,SW,43,S,SW,13,24,63,51,1016.8,1018.1,0,0,11.6,14.6,1,0.8,0
812,17-10-2010,Adelaide,9.9,15.9,0.8,0,6.2,SW,33,SW,WSW,7,17,69,53,1021.6,1021,0,0,12.1,15.1,0,0.4,0
813,18-10-2010,Adelaide,10.6,18.1,0.4,8.6,9,SW,33,SSW,WSW,11,19,67,45,1024.8,1024.5,0,0,12.6,16.8,0,0,0
814,19-10-2010,Adelaide,6.9,20,0,0,12.4,WSW,30,SSW,SSW,4,13,63,45,1028.8,1026.4,0,0,13.8,19.2,0,0,0
815,20-10-2010,Adelaide,11.4,24.9,0,8.6,12.4,NNW,30,NNE,SW,7,15,47,29,1026.9,1022.8,0,0,18.3,24.4,0,0,0
816,21-10-2010,Adelaide,13,28.5,0,5,12.5,NW,35,N,NW,15,20,31,16,1019.9,1016.9,0,0,22.2,27.3,0,0,0
817,22-10-2010,Adelaide,18.5,26.1,0,7.4,2.7,WSW,43,N,WSW,15,13,26,46,1014.6,1015.4,0,0,24.6,21,0,4,1
818,23-10-2010,Adelaide,12.6,18.6,4,0,10.5,SSE,33,SSW,SSE,13,19,64,41,1022.4,1022.8,0,0,14.1,17,1,0,0
819,24-10-2010,Adelaide,8.9,18.7,0,0,12.5,WSW,31,SW,WSW,4,19,58,43,1025.2,1022.7,0,0,13.7,18,0,0,0
820,25-10-2010,Adelaide,8.2,25.3,0,9.2,11.9,WNW,31,0,W,0,11,50,20,1021,1017.7,0,0,14.3,24.4,0,0,0
821,26-10-2010,Adelaide,10.8,21.2,0,3.6,10.1,SW,35,WSW,W,11,22,60,43,1019.2,1019.2,0,0,16.6,21.1,0,0,0
822,27-10-2010,Adelaide,10,21.1,0,4.2,12.2,WSW,31,WNW,SW,4,15,63,47,1022,1020,0,0,15.6,19.5,0,0,0
823,28-10-2010,Adelaide,13.2,29.7,0,5.2,9,NNE,41,NE,NNE,20,17,30,21,1014.7,1010.1,0,0,21,28.6,0,0,0
824,29-10-2010,Adelaide,21,23.6,0,9.2,0.1,WSW,44,N,WNW,11,7,35,91,1005.7,1005.3,0,0,23.1,19.5,0,9.6,1
825,30-10-2010,Adelaide,11.4,17.4,9.6,0,4.6,SSE,54,S,SSE,13,22,74,61,1012.2,1011.9,0,0,14.6,16.1,1,0.4,0
826,31-10-2010,Adelaide,9.3,16.1,0.4,5,9.4,WSW,50,SW,SW,13,20,64,35,1019.4,1019.5,0,0,12.5,15,0,2.4,1
827,01-11-2010,Adelaide,5.3,18,2.4,4.2,10.1,WNW,28,NNE,SW,4,13,60,39,1023.2,1021.2,0,0,11.3,16.6,1,0.2,0
828,02-11-2010,Adelaide,11.2,19.5,0.2,3.8,11.2,SW,37,WSW,WSW,13,19,66,49,1022.7,1022,0,0,14.9,18.7,0,0,0
829,03-11-2010,Adelaide,11.7,15.8,0,5.2,0.1,SW,31,S,WSW,9,19,50,67,1025.4,1024.4,0,0,14.5,14.1,0,0,0
830,04-11-2010,Adelaide,10.7,18.7,0,2,10.5,SE,35,SSE,ESE,15,17,48,33,1026.5,1023,0,0,13.2,17.5,0,0,0
831,05-11-2010,Adelaide,11,22.8,0,6,12.8,ESE,39,E,E,13,9,41,26,1021.7,1017.2,0,0,15.9,21.1,0,0,0
832,06-11-2010,Adelaide,14.2,27.9,0,0,8.2,NNE,43,NE,WNW,17,11,31,18,1014.9,1012.2,0,0,21,27.4,0,0.4,0
833,07-11-2010,Adelaide,14.4,21,0.4,0,7.6,W,33,WSW,W,13,20,83,44,1012.2,1011.7,0,0,15.9,20.7,0,0,0
834,08-11-2010,Adelaide,13.7,23.1,0,16,12.2,W,31,WNW,WNW,13,17,61,38,1016,1016.3,0,0,17.2,22.5,0,0,0
835,09-11-2010,Adelaide,11.1,29.9,0,5.4,10.9,NNE,31,WNW,WSW,6,11,48,28,1022.6,1018.1,0,0,19,27.2,0,0,0
836,10-11-2010,Adelaide,16.5,27.6,0,5.8,5.1,SE,30,NE,NNE,6,11,29,39,1016.7,1014.6,0,0,23.7,25.1,0,0,0
837,11-11-2010,Adelaide,15.2,32.1,0,3.4,5,W,28,ENE,NNW,4,6,51,31,1010,1005.5,0,0,21.6,30.2,0,0,0
838,12-11-2010,Adelaide,21.6,22.2,0,5.8,1,N,37,WNW,SW,15,9,63,75,1006.7,1008.2,0,0,22.2,18.2,0,2.2,1
839,13-11-2010,Adelaide,14.7,17.8,2.2,0,0,ESE,31,SE,SW,9,6,71,75,1013.9,1013.1,0,0,16,16.5,1,0.8,0
840,14-11-2010,Adelaide,12.5,22.6,0.8,0,9.7,SW,37,SSE,SW,13,20,60,47,1018.5,1016.9,0,0,17.2,20.9,0,0,0
841,15-11-2010,Adelaide,12.7,22.7,0,9.6,8,SSW,39,N,SW,7,17,51,47,1017.9,1016,0,0,16.6,20.3,0,0,0
842,16-11-2010,Adelaide,9.9,20.8,0,5,9.5,SW,35,NE,SSW,6,19,55,45,1018.4,1016.7,0,0,16.1,18.4,0,0,0
843,17-11-2010,Adelaide,8.7,21.4,0,4.8,13.2,WSW,30,WNW,SW,6,13,51,36,1020.5,1018.2,0,0,15.3,20.2,0,1,0
844,18-11-2010,Adelaide,13.2,21.2,1,5.4,6.9,WSW,39,WSW,SW,15,19,74,48,1019.9,1019.7,0,0,16.6,20.3,0,0.4,0
845,19-11-2010,Adelaide,10.7,24.3,0.4,5.4,13,ESE,39,ESE,ENE,19,9,45,29,1024.7,1021.7,0,0,14.9,23,0,0,0
846,20-11-2010,Adelaide,11.6,29,0,0,13.1,WSW,28,WSW,WSW,6,17,46,23,1022.9,1020.1,0,0,19.4,27.5,0,0,0
847,21-11-2010,Adelaide,16.5,33.8,0,0,13,ESE,30,WSW,WSW,2,15,38,16,1019.8,1016.9,0,0,23.7,32.5,0,0,0
848,22-11-2010,Adelaide,23.5,36.4,0,23.6,12.7,E,39,NE,WSW,17,11,19,15,1016,1013.3,0,0,30,35.2,0,0,0
849,23-11-2010,Adelaide,23.5,36.4,0,9.4,7.7,N,35,NNE,W,13,13,34,20,1015.6,1012.2,0,0,27.6,35.9,0,0,0
850,24-11-2010,Adelaide,24.8,27.8,0,9.6,0.1,NNW,41,NNE,SSW,15,7,49,88,1014.8,1016.9,0,0,26.4,19.4,0,11.4,1
851,25-11-2010,Adelaide,17.3,25.3,11.4,1.4,4.5,W,20,NW,SW,6,6,84,57,1018.3,1017.3,0,0,19.3,22.4,1,0,0
852,26-11-2010,Adelaide,15.3,29.5,0,3.4,10.1,WSW,35,WSW,WSW,6,15,71,44,1014.4,1011.3,0,0,19.7,28,0,2.8,1
853,27-11-2010,Adelaide,14.7,20.2,2.8,0,5.6,S,41,SW,S,13,15,94,48,1011.7,1011,0,0,14.8,19.7,1,1.4,1
854,28-11-2010,Adelaide,11.8,19.5,1.4,0,7.4,SSW,44,SSW,S,15,20,62,52,1020.2,1020.4,0,0,14.4,16.3,1,0.2,0
855,29-11-2010,Adelaide,12.1,18.9,0.2,14.6,5.3,SSE,46,S,S,13,24,52,51,1021.4,1018.3,0,0,15.1,16.9,0,0,0
856,30-11-2010,Adelaide,13.9,23.5,0,4.6,5.1,SSE,33,SSE,WSW,19,13,65,59,1015.9,1013.1,0,0,16.5,21,0,0,0
857,01-12-2010,Adelaide,16.3,25.1,0,3.8,5.9,NE,35,ESE,SSW,9,9,68,86,1012.3,1010,0,0,20.5,20.3,0,1.4,1
858,02-12-2010,Adelaide,15.1,27.2,1.4,3.6,13.1,WSW,28,NW,WSW,11,17,71,55,1011.4,1009.1,0,0,19.5,24.4,1,0,0
859,03-12-2010,Adelaide,15.5,34.8,0,5.2,13.4,NNW,30,N,WNW,9,15,46,19,1009.4,1006.3,0,0,24.9,34.1,0,0,0
860,04-12-2010,Adelaide,24.9,38.2,0,0,12.2,NNW,35,NE,WSW,13,13,24,12,1007,1004.3,0,0,30.9,37.4,0,0,0
861,05-12-2010,Adelaide,26.4,30.2,0,0,1.2,NE,46,NNW,SW,17,17,44,52,1008.3,1008.1,0,0,27.5,25.3,0,2.2,1
862,06-12-2010,Adelaide,19.9,33.1,2.2,24.2,7.9,NNE,74,NNE,WSW,15,15,48,32,1006.3,1002.4,0,0,26.8,32.5,1,3.4,1
863,07-12-2010,Adelaide,21.1,32.5,3.4,5.8,6,WSW,52,NNW,SSE,20,19,64,92,1001.2,999.7,0,0,25.7,21.2,1,66.2,1
864,08-12-2010,Adelaide,16.8,24.4,66.2,0,7.6,NNE,41,WSW,WNW,17,20,84,53,1005,1006.3,0,0,17.7,23.2,1,0,0
865,09-12-2010,Adelaide,16.1,24.5,0,4.4,11.1,NW,46,WSW,W,15,24,72,41,1012,1011.2,0,0,19.1,23.7,0,0.2,0
866,10-12-2010,Adelaide,13.7,18.3,0.2,6.8,2,WSW,44,SW,WSW,19,19,65,55,1016.1,1015,0,0,14.7,16.7,0,0.4,0
867,11-12-2010,Adelaide,14.2,21.7,0.4,0,4.8,WNW,59,NW,W,17,28,73,51,1009.6,1005.9,0,0,16.2,21.4,0,2.2,1
868,12-12-2010,Adelaide,13.2,20.6,2.2,0,7.3,WSW,39,SW,WSW,19,17,55,39,1010.3,1011,0,0,15.9,19.8,1,0,0
869,13-12-2010,Adelaide,12.9,24.2,0,11.4,11.4,W,31,NW,SW,4,19,53,44,1016.7,1014,0,0,16.6,21.5,0,0,0
870,14-12-2010,Adelaide,16.6,32.4,0,6.8,8.6,NNW,48,NE,NNW,19,15,35,20,1009.9,1006.2,0,0,24.1,31.2,0,0,0
871,15-12-2010,Adelaide,16.3,21.7,0,9.4,11.1,SW,46,SSW,SW,20,20,51,44,1009.4,1009.7,0,0,17.3,20.6,0,0,0
872,16-12-2010,Adelaide,14,22.5,0,6.8,12.4,WNW,33,WSW,SW,15,17,47,36,1012.1,1009.9,0,0,17.6,21.6,0,2.2,1
873,17-12-2010,Adelaide,15.1,21.4,2.2,6.4,5.4,W,43,WSW,SW,20,22,87,42,1006.7,1006.1,0,0,15.2,21,1,2.6,1
874,18-12-2010,Adelaide,13.6,19.8,2.6,0,7.5,WSW,54,WSW,WSW,11,20,76,46,1008.5,1007.4,0,0,14.4,18.9,1,3.8,1
875,19-12-2010,Adelaide,12.6,17.6,3.8,0,9.1,SW,67,WSW,SW,30,31,50,42,1002.8,1005.7,0,0,14.5,16.3,1,1.6,1
876,20-12-2010,Adelaide,11.6,19.1,1.6,15,2.6,WSW,39,SSW,WSW,11,20,74,45,1014.3,1013.9,0,0,14.4,17.9,1,0.8,0
877,21-12-2010,Adelaide,13.6,21.6,0.8,3.8,11.4,SSE,35,S,SSW,9,13,52,40,1016.5,1014.9,0,0,16.7,20.4,0,0,0
878,22-12-2010,Adelaide,11.3,26.2,0,6.4,11.9,W,30,0,W,0,19,48,30,1017.5,1016,0,0,19,25,0,0,0
879,23-12-2010,Adelaide,13.1,25.5,0,5.2,12.8,SE,33,E,SE,9,17,51,36,1022.7,1021.8,0,0,18.1,24.7,0,0,0
880,24-12-2010,Adelaide,16.5,33.3,0,7.8,13.5,ESE,39,SSW,S,6,13,39,28,1020.8,1016.4,0,0,23.2,30.1,0,0,0
881,25-12-2010,Adelaide,19.4,31.7,0,0,6.9,WSW,31,W,WSW,6,19,45,22,1012,1009.6,0,0,22.4,30.5,0,0,0
882,26-12-2010,Adelaide,15.6,21.4,0,0,7.9,SE,44,SE,SSE,17,28,57,55,1011.4,1010.7,0,0,19.3,19.8,0,0,0
883,27-12-2010,Adelaide,13.6,21.3,0,21.8,9.2,SE,43,SSE,SSE,19,17,50,39,1017.8,1015.8,0,0,15,20.6,0,0,0
884,28-12-2010,Adelaide,12.7,29.6,0,0,12.4,E,30,NNE,SW,7,11,37,16,1016.6,1012.3,0,0,18.3,27.9,0,0,0
885,29-12-2010,Adelaide,15.4,31.2,0,13,13.3,W,28,NE,SW,6,17,30,22,1014.1,1013.4,0,0,23.8,29.7,0,0,0
886,30-12-2010,Adelaide,16.6,39.6,0,7.4,13.3,WNW,35,WSW,NW,4,17,41,11,1014.9,1011.4,0,0,23.3,37.5,0,0,0
887,31-12-2010,Adelaide,23.3,36.9,0,11.8,12.6,NNW,54,N,SW,20,15,17,24,1009,1008.8,0,0,33.6,33.3,0,0,0
888,01-01-2011,Adelaide,18.2,28.6,0,0,7.9,WSW,43,NW,SW,9,7,73,48,1013,1011.3,0,0,20.5,25.1,0,0,0
889,02-01-2011,Adelaide,14.7,26.1,0,0,13.6,SE,35,SE,SSE,11,15,53,34,1017,1015.1,0,0,18.8,25.5,0,0,0
890,03-01-2011,Adelaide,13.6,26.2,0,22.4,13.7,ESE,43,NE,SE,9,13,44,27,1017.2,1014.8,0,0,18,24.9,0,0,0
891,04-01-2011,Adelaide,15.2,29.6,0,8,11.9,WSW,30,SSW,SW,7,9,44,19,1012.4,1009.9,0,0,20.7,27.2,0,0,0
892,05-01-2011,Adelaide,14.8,28.7,0,6.4,12,SE,31,W,WNW,4,13,57,27,1010.8,1008.7,0,0,18.6,27.1,0,0,0
893,06-01-2011,Adelaide,16.7,35.3,0,7.2,8.4,NW,44,NE,NW,19,22,31,14,1007.1,1003.7,0,0,25.2,34.4,0,0,0
894,07-01-2011,Adelaide,23.3,35.7,0,7.6,12.2,WSW,30,NNW,NNW,9,13,28,28,1004.8,1004.5,0,0,29.3,33.7,0,0,0
895,08-01-2011,Adelaide,24.9,28.4,0,0,4.8,SE,48,E,ESE,4,11,54,66,1005.7,1009,0,0,26.5,23,0,0.6,0
896,09-01-2011,Adelaide,18.2,30.9,0.6,0,13.6,ESE,44,SSE,SE,13,13,48,38,1014.8,1012.7,0,0,21.4,29.4,0,0,0
897,10-01-2011,Adelaide,21.3,32.1,0,22.4,13.5,SE,44,E,ESE,4,17,57,38,1012,1008.5,0,0,24.8,31.4,0,0,0
898,11-01-2011,Adelaide,21.6,25.5,0,7.2,2.3,SSE,31,SE,SSW,11,13,68,62,1008.6,1006.2,0,0,24,24.5,0,0,0
899,12-01-2011,Adelaide,17.4,27.2,0,4,3.7,NW,20,NE,WNW,6,9,85,72,1005,1004.4,0,0,19.2,22.6,0,0.8,0
900,13-01-2011,Adelaide,19.2,21.9,0.8,1.8,0,ENE,26,ENE,SW,13,9,83,93,1003.3,999.9,0,0,21.2,20.2,0,15.6,1
901,14-01-2011,Adelaide,18.3,28.1,15.6,1,11.4,NW,33,W,WNW,13,17,78,42,1005.8,1005.6,0,0,20.4,26.7,1,0,0
902,15-01-2011,Adelaide,15.2,32.1,0,0,13.6,WSW,33,NNE,W,2,17,50,28,1009.7,1009,0,0,24.3,31.4,0,0,0
903,16-01-2011,Adelaide,18.9,26.9,0,0,13.3,SW,41,NNW,WSW,6,24,61,41,1011.1,1010.4,0,0,23.3,25.2,0,0,0
904,17-01-2011,Adelaide,14.5,23.9,0,23.2,8.6,SW,43,S,WSW,15,24,59,49,1013.8,1012.1,0,0,17.4,22.6,0,0,0
905,18-01-2011,Adelaide,15.1,27.1,0,5,13.2,SW,31,SSW,SW,4,17,56,47,1013.1,1010.3,0,0,17.6,24.3,0,0,0
906,19-01-2011,Adelaide,13.2,28.6,0,6.6,13.4,WSW,26,SW,SW,2,15,55,36,1012.8,1010.7,0,0,18.8,27.1,0,0,0
907,20-01-2011,Adelaide,17,37,0,7,13.5,WNW,33,N,WNW,15,15,34,18,1009.1,1006,0,0,26.2,35.6,0,0,0
908,21-01-2011,Adelaide,21.5,29.2,0,8.6,13.3,WSW,35,SSE,SSE,17,20,55,38,1009.8,1010.7,0,0,23.6,28.3,0,0,0
909,22-01-2011,Adelaide,17,32.1,0,0,13.3,SSW,30,S,SSW,2,15,48,32,1014.2,1011.3,0,0,21.6,32,0,0,0
910,23-01-2011,Adelaide,14.9,32,0,0,11.4,SW,31,WSW,WSW,6,17,45,27,1010.3,1006.5,0,0,21.7,31.1,0,0,0
911,24-01-2011,Adelaide,19.9,27.3,0,24.6,9.3,SSE,30,S,W,13,15,61,43,1008.3,1006.6,0,0,20.8,26.6,0,0,0
912,25-01-2011,Adelaide,18.4,32.5,0,6.6,7.5,SSE,43,SSE,SW,7,15,45,28,1006.1,1003.2,0,0,24.5,30.4,0,0.4,0
913,26-01-2011,Adelaide,16.7,29.6,0.4,0,12.8,NE,28,ESE,SW,9,17,64,40,1015.2,1014.4,0,0,19.6,28.2,0,0,0
914,27-01-2011,Adelaide,19.5,32,0,12.4,9.5,WSW,37,NE,SW,6,22,40,35,1017.8,1018.4,0,0,25.5,29.3,0,0,0
915,28-01-2011,Adelaide,15.8,31.8,0,8,12.8,SW,30,E,SW,6,15,49,32,1021.2,1018.6,0,0,21.4,30.1,0,0,0
916,29-01-2011,Adelaide,18.5,37.7,0,0,12.7,WSW,30,NNE,SW,13,19,30,15,1017.5,1015.6,0,0,25.8,35.7,0,0,0
917,30-01-2011,Adelaide,25.8,42.5,0,0,12.9,SSW,31,NNE,WSW,11,15,16,10,1013.6,1013.3,0,0,33.1,41.5,0,0,0
918,31-01-2011,Adelaide,28.2,42.9,0,28,13,NW,48,N,NW,15,20,23,15,1011,1007.8,0,0,35.3,42.4,0,0,0
919,01-02-2011,Adelaide,28.7,33.2,0,11.4,12.8,SSW,46,NW,SSW,13,15,34,41,1006.3,1007.6,0,0,31.3,31.3,0,0,0
920,02-02-2011,Adelaide,19.4,36,0,9.2,11.6,SW,28,NNW,SW,4,9,53,36,1009,1007.5,0,0,24.3,34.4,0,0,0
921,03-02-2011,Adelaide,23.6,32.7,0,7,2.4,W,26,E,NNE,6,9,52,44,1011.7,1010.7,0,0,25.5,30.6,0,0,0
922,04-02-2011,Adelaide,25.4,34.5,0,4,7.7,WSW,28,N,SW,11,13,56,46,1009.2,1006.7,0,0,30,32,0,0,0
923,05-02-2011,Adelaide,19.8,22.4,0,0,2.6,SW,39,WSW,SW,19,15,67,61,1009.8,1011.6,0,0,21.1,20.7,0,0,0
924,06-02-2011,Adelaide,12.1,22.7,0,0,12.9,SE,48,S,SE,13,22,45,25,1024.7,1024.4,0,0,16.3,22,0,0,0
925,07-02-2011,Adelaide,14.6,27.2,0,17.8,12.9,E,37,E,ESE,15,17,34,19,1026,1021.7,0,0,18.4,26.2,0,0,0
926,08-02-2011,Adelaide,13.9,28.3,0,7,12.8,ESE,31,NE,SE,9,17,60,29,1022.9,1019.3,0,0,17.1,27.6,0,0,0
927,09-02-2011,Adelaide,15.9,33,0,7.6,10.2,NE,43,NE,WSW,17,15,35,26,1019,1016.2,0,0,23.9,31.4,0,0,0
928,10-02-2011,Adelaide,21.5,37.5,0,6.8,6.4,WNW,39,NNE,NW,13,20,41,26,1013.1,1010.8,0,0,28.2,36.3,0,0.4,0
929,11-02-2011,Adelaide,22.8,24.7,0.4,6,2,SE,37,SSW,SSE,7,19,87,75,1012.4,1014.1,0,0,22.8,23.4,0,12.2,1
930,12-02-2011,Adelaide,16.4,22,12.2,0,2.4,SE,43,E,SSE,9,20,63,53,1021.4,1020.1,0,0,17.6,20.8,1,0,0
931,13-02-2011,Adelaide,12.7,25.8,0,0,12.6,SE,31,ESE,ESE,11,13,60,39,1025,1022.1,0,0,15.7,24.2,0,0,0
932,14-02-2011,Adelaide,15.5,27.5,0,16.2,10,SE,31,N,SW,4,17,57,46,1022.2,1019.2,0,0,19,25.1,0,0,0
933,15-02-2011,Adelaide,18.1,32.8,0,5.4,10.1,ENE,57,0,SW,0,15,63,32,1016.5,1013,0,0,21.5,31.3,0,0,0
934,16-02-2011,Adelaide,19.3,33.1,0,6.8,12.3,W,31,ENE,WNW,4,13,52,35,1013.3,1010.8,0,0,24.9,31.9,0,0,0
935,17-02-2011,Adelaide,18.9,30.9,0,7.4,7.3,WNW,30,SSW,WNW,9,20,75,40,1014.1,1011.7,0,0,20.9,29.6,0,1.2,1
936,18-02-2011,Adelaide,20.5,22.5,1.2,5.2,0,N,48,NE,ENE,6,20,83,88,1011.4,1004,0,0,20.6,20.2,1,29,1
937,20-02-2011,Adelaide,18.6,22.6,0,0,8.4,W,37,SW,SW,15,15,75,46,1015.4,1017.3,0,0,19.2,20.9,0,0.4,0
938,21-02-2011,Adelaide,14.8,22.3,0.4,10.6,10.6,SSE,41,S,SSE,13,19,50,45,1023.4,1022.9,0,0,16.2,21.3,0,0,0
939,22-02-2011,Adelaide,13.1,24.6,0,5.8,12.4,ESE,35,SE,ESE,9,13,57,37,1024.6,1022,0,0,16.5,24.4,0,0,0
940,23-02-2011,Adelaide,15.8,30.2,0,6.2,12.3,ESE,37,ENE,W,11,13,53,41,1022.6,1018.7,0,0,20.5,28.4,0,0,0
941,24-02-2011,Adelaide,17.2,33.7,0,5.2,12.1,ESE,30,N,SW,9,13,43,26,1017.3,1014,0,0,25.1,32.1,0,0,0
942,25-02-2011,Adelaide,21,34.6,0,7.4,4.3,E,28,S,W,7,15,52,23,1013,1010.3,0,0,23.7,34.1,0,0,0
943,26-02-2011,Adelaide,22.2,35.4,0,0,5.1,NW,30,NE,SW,9,9,36,28,1007.9,1006.5,0,0,29,32.9,0,0,0
944,27-02-2011,Adelaide,22.7,31.8,0,0,12.1,SE,26,SE,ESE,15,11,60,42,1007.4,1006.3,0,0,24.2,31.1,0,0,0
945,28-02-2011,Adelaide,18.4,27.6,0,17.8,10.4,WSW,33,WNW,W,4,20,69,54,1009.5,1008,0,0,21.1,25.4,0,0,0
946,01-03-2011,Adelaide,15.8,22,0,6.4,9.4,SSE,43,S,SSE,13,22,58,39,1016,1017.4,0,0,17.4,20.2,0,0,0
947,02-03-2011,Adelaide,12.5,22.4,0,5.4,12,SE,41,ESE,WSW,11,15,41,33,1019.3,1017.1,0,0,15.5,21.6,0,0,0
948,03-03-2011,Adelaide,11.2,24.3,0,5.4,11.9,SSW,33,S,S,9,17,58,43,1018.1,1016.1,0,0,16.6,22.9,0,0,0
949,04-03-2011,Adelaide,11.5,24.3,0,5.4,11.8,ESE,33,ESE,ESE,6,11,58,34,1018.7,1016.8,0,0,16.3,23.5,0,0,0
950,05-03-2011,Adelaide,13.8,26.2,0,0,11.9,E,43,ENE,E,19,13,56,31,1020.6,1018.5,0,0,16,24.4,0,0,0
951,06-03-2011,Adelaide,12.9,34.6,0,0,12.1,N,39,NNE,WNW,11,17,26,17,1017.5,1014.2,0,0,21.6,33.1,0,0,0
952,07-03-2011,Adelaide,21.6,34.9,0,19.6,6.5,N,57,NNE,NNW,13,22,37,26,1013.3,1009.3,0,0,28.6,34,0,30.2,1
953,08-03-2011,Adelaide,21.4,23.2,30.2,5.4,0,N,22,NE,SW,9,9,94,95,1009.3,1008.2,0,0,22.7,22.2,1,15.2,1
954,09-03-2011,Adelaide,16.8,22.1,15.2,1.2,3.8,WSW,39,S,S,9,17,78,61,1012.6,1012.6,0,0,17.8,20.5,1,0,0
955,10-03-2011,Adelaide,14.9,21.6,0,4.2,7.1,SE,35,SSE,SE,13,17,62,53,1016.3,1015.1,0,0,17.1,19.8,0,0,0
956,11-03-2011,Adelaide,14,26.8,0,3.2,10.4,W,22,NNW,SE,7,7,68,51,1015.6,1012.8,0,0,18.6,25.6,0,0,0
957,12-03-2011,Adelaide,17.2,32,0,0,11.2,W,30,NE,WSW,2,20,69,35,1015,1013.2,0,0,21.8,30.6,0,0,0
958,13-03-2011,Adelaide,19.3,28.3,0,0,4.5,SE,35,SSW,S,4,11,60,61,1016.8,1018.6,0,0,23.8,24.2,0,0,0
959,14-03-2011,Adelaide,15.4,27.1,0,12.2,11,E,28,SE,ENE,9,11,62,50,1022.1,1019,0,0,17.8,26.8,0,0,0
960,15-03-2011,Adelaide,17.8,29,0,4.2,11,SSE,35,0,W,0,17,56,52,1018.3,1016.9,0,0,23.5,27.9,0,0,0
961,16-03-2011,Adelaide,14.9,25.2,0,5.6,11,0,0,E,SE,9,9,59,35,1021.6,1019.1,0,0,17.4,24.8,0,0,0
962,17-03-2011,Adelaide,16,24.4,0,5.2,6.2,ESE,35,ESE,ENE,11,9,58,42,1021.1,1018.9,0,0,16.8,23.3,0,0,0
963,18-03-2011,Adelaide,16.7,23.1,0,7.2,2.8,0,0,W,E,2,13,51,42,1016.8,1013.2,0,0,18.3,21.6,0,0,0
964,19-03-2011,Adelaide,15.1,27.2,0,0,10.8,NE,33,WNW,NE,4,13,49,23,1011.3,1008.5,0,0,18.4,26.9,0,0,0
965,20-03-2011,Adelaide,18.4,24.6,0,0,1.1,NE,31,NE,NE,6,11,50,82,1005.7,1004.1,0,0,22.8,22.4,0,11.6,1
966,21-03-2011,Adelaide,17.5,22,11.6,7.4,2.4,SSE,39,SSW,S,15,13,85,77,1004.7,1006.4,0,0,18.4,19.8,1,0.2,0
967,22-03-2011,Adelaide,16.5,21.4,0.2,2,3.9,SW,39,SSW,SW,9,20,81,68,1009.7,1009.4,0,0,17.6,20.1,0,8.2,1
968,23-03-2011,Adelaide,14.3,18.1,8.2,3,0,W,59,W,WSW,22,28,94,93,1008.5,1006.9,0,0,14.4,17.1,1,15.6,1
969,24-03-2011,Adelaide,14.2,18.7,15.6,1.2,3.9,WSW,44,SW,SW,20,20,76,53,1014.3,1016.5,0,0,15.9,17.9,1,0.6,0
970,25-03-2011,Adelaide,14.1,20.8,0.6,2.2,7.1,SSE,33,S,SSE,9,15,72,43,1021.5,1022.5,0,0,16.4,20.2,0,0.2,0
971,26-03-2011,Adelaide,13.4,19.9,0.2,0,6.3,SSE,41,SSE,SE,11,15,61,48,1027.2,1025.3,0,0,14.6,19.1,0,0,0
972,27-03-2011,Adelaide,14,21.8,0,0,6.3,SE,28,E,NW,11,7,73,52,1027.5,1024.5,0,0,14.2,20.2,0,0,0
973,28-03-2011,Adelaide,11.7,26,0,10.8,8.6,NNE,28,0,NE,0,9,78,44,1024.4,1021.2,0,0,15.9,24.5,0,0,0
974,29-03-2011,Adelaide,14,29.1,0,2.6,10.6,NW,31,ENE,W,6,13,72,34,1020.2,1017.4,0,0,17.8,28.8,0,0,0
975,30-03-2011,Adelaide,14.3,21.1,0,4.4,5.8,SE,37,S,S,9,11,64,55,1022.7,1022.2,0,0,16.2,20.1,0,0,0
976,31-03-2011,Adelaide,10.8,20.3,0,3.6,10.7,E,28,0,E,0,9,64,38,1029.7,1026.2,0,0,12.8,19.8,0,3.8,1
977,01-05-2011,Adelaide,14.9,17.6,3.8,0,0,ESE,24,SSE,SE,6,9,91,74,1019.2,1017.3,0,0,15.6,17.2,1,2.4,1
978,02-05-2011,Adelaide,9,20.6,2.4,1.2,9.4,SW,26,N,SSW,7,6,69,48,1019.8,1017.5,0,0,15.5,19.8,1,0,0
979,03-05-2011,Adelaide,8.5,19.3,0,2,9.3,WSW,26,N,W,9,17,70,55,1021.8,1020.6,0,0,14.7,18.7,0,0,0
980,04-05-2011,Adelaide,10,18.3,0,1.6,5.5,SW,30,S,SSW,6,11,64,70,1025.2,1024.4,0,0,15.6,16.9,0,0.2,0
981,05-05-2011,Adelaide,8.2,17.5,0.2,1.4,3.4,SE,24,ESE,E,2,6,68,49,1028.5,1025.4,0,0,14.7,17.1,0,0,0
982,06-05-2011,Adelaide,8.8,19.2,0,1.2,8,WSW,20,NE,WSW,6,9,60,44,1024.9,1021.6,0,0,13.2,18.4,0,0,0
983,07-05-2011,Adelaide,7.9,20.2,0,0,7.4,WNW,22,NNE,WSW,6,7,61,44,1018.8,1015.7,0,0,13.9,18.9,0,0,0
984,08-05-2011,Adelaide,10.5,20.7,0,0,8.3,SE,31,NNW,WSW,4,15,71,54,1017.9,1016.9,0,0,14.4,19,0,0,0
985,09-05-2011,Adelaide,9.6,15.4,0,6.2,1.6,SE,41,SE,SE,7,19,54,45,1025.1,1023.4,0,0,12.5,14.5,0,0,0
986,10-05-2011,Adelaide,7.6,18.1,0,1.4,2.1,W,39,NE,NW,11,11,64,52,1023.6,1019.3,0,0,10.8,16.4,0,5.2,1
987,11-05-2011,Adelaide,9.4,16,5.2,1,2.7,SW,46,S,WSW,17,20,78,67,1020.3,1017.8,0,0,12.9,15.3,1,13,1
988,12-05-2011,Adelaide,11.4,17.1,13,1,2.7,W,48,WSW,WSW,17,20,85,69,1019.9,1018.9,0,0,15.3,16.4,1,4.4,1
989,13-05-2011,Adelaide,11.2,17.2,4.4,2,4.9,SW,41,SW,SW,17,19,84,64,1020.5,1020,0,0,14.6,16.6,1,0.6,0
990,14-05-2011,Adelaide,10.6,16.6,0.6,0,2.1,SSE,26,0,S,0,9,64,52,1029.6,1028.9,0,0,12.9,15.6,0,0,0
991,15-05-2011,Adelaide,10.9,17.1,0,0,2.7,SSW,22,0,SSW,0,9,63,54,1034.7,1033.2,0,0,12.7,15.4,0,0,0
992,16-05-2011,Adelaide,5.2,16.6,0,3.6,8.8,NE,26,0,ENE,0,6,66,44,1034.6,1030.6,0,0,10.6,16.2,0,0,0
993,17-05-2011,Adelaide,9.5,18.7,0,1.8,8.3,NNE,33,NE,NW,13,13,47,33,1030.4,1026.3,0,0,13.1,18.2,0,0,0
994,18-05-2011,Adelaide,11.8,21.9,0,2.4,4.3,NE,24,NE,N,9,13,34,23,1026.8,1023.1,0,0,15.1,21,0,0,0
995,19-05-2011,Adelaide,15,24.9,0,3,4.1,N,31,ENE,NW,9,15,33,24,1024.8,1022.6,0,0,17.7,23,0,0,0
996,20-05-2011,Adelaide,11.7,24,0,2.2,6.2,NNE,22,NE,NNW,6,11,36,24,1022.5,1018.3,0,0,17.8,22.9,0,0,0
997,21-05-2011,Adelaide,14.5,24.8,0,0,0.7,N,57,NNE,N,15,20,36,27,1015.5,1010.6,0,0,20.4,23.9,0,9.2,1
998,22-05-2011,Adelaide,13.4,15.8,9.2,0,0.8,SW,74,N,NNW,24,30,79,91,1004.8,997.6,0,0,14.4,14.5,1,8,1
999,23-05-2011,Adelaide,12.3,14.5,8,6.4,3,SW,56,SW,SW,17,22,71,72,1010,1011.3,0,0,13.9,12,1,11.4,1
1000,24-05-2011,Adelaide,10.7,14.6,11.4,1.2,3.6,SSE,44,SSW,S,13,13,63,74,1018.8,1019.7,0,0,12.5,12.2,1,1,0
1001,25-05-2011,Adelaide,7.5,14.4,1,1.2,2.3,SSE,31,0,SSE,0,15,88,62,1025.9,1024.2,0,0,9.9,13.1,0,0.6,0
1002,26-05-2011,Adelaide,9.7,15.5,0.6,0.6,3.2,SW,28,SW,SW,4,7,76,80,1025.9,1024.1,0,0,12.2,13.9,0,1.4,1
1003,27-05-2011,Adelaide,11.2,15.5,1.4,0.8,2.3,SSW,22,0,WSW,0,13,87,70,1025.4,1023.7,0,0,12.4,14.7,1,0.6,0
1004,28-05-2011,Adelaide,6.1,15.6,0.6,0,3.9,NNW,15,0,WSW,0,4,80,59,1026.3,1023.8,0,0,10.8,15,0,0,0
1005,29-05-2011,Adelaide,9,16.8,0,0,7.2,SW,28,NNW,SW,7,19,79,71,1027.2,1025.5,0,0,13,14.8,0,0,0
1006,30-05-2011,Adelaide,8.1,16.9,0,2.4,7.8,SSE,20,NNE,W,2,6,69,52,1028.4,1025.9,0,0,13,15.5,0,0,0
1007,31-05-2011,Adelaide,5.3,15.3,0,1.6,3.2,ENE,20,NE,NNW,4,9,72,53,1025.2,1023.1,0,0,10.3,15.2,0,0,0
1008,01-06-2011,Adelaide,3.7,18.8,0,0.8,9,N,26,N,N,6,9,71,40,1025.6,1023.5,0,0,10.4,17.9,0,0,0
1009,02-06-2011,Adelaide,5.9,20.6,0,1,7.3,NW,33,NE,NW,9,13,64,41,1023,1018.4,0,0,13.7,19.4,0,0,0
1010,03-06-2011,Adelaide,13.6,17,0,4.4,0,WSW,28,NNE,W,7,11,57,88,1017.8,1015.5,0,0,14.8,15.7,0,4.4,1
1011,05-06-2011,Adelaide,9.7,17.6,0,0,6.7,WNW,52,N,WNW,11,24,78,55,1017.6,1015.2,0,0,11.9,17.2,0,4,1
1012,06-06-2011,Adelaide,10,15.4,4,2.4,0,WNW,22,NE,WNW,6,13,82,55,1021.3,1019.4,0,0,10.9,14.4,1,1,0
1013,07-06-2011,Adelaide,9.5,14.8,1,0.6,4.2,SW,41,SW,SSW,15,15,70,57,1021.7,1021.6,0,0,12.9,13.4,0,1.4,1
1014,08-06-2011,Adelaide,4,14.4,1.4,1.4,7.8,SSE,41,NW,SSE,2,17,80,57,1028.3,1026.7,0,0,8.8,13.5,1,0.2,0
1015,09-06-2011,Adelaide,8.2,13.1,0.2,0.8,2.6,SW,26,NE,SW,6,19,87,90,1028.6,1026.2,0,0,10.5,12,0,0.4,0
1016,10-06-2011,Adelaide,6.5,14.9,0.4,0.4,4.5,SSE,31,SE,SSE,2,20,83,66,1028.9,1027.7,0,0,10.4,14,0,0,0
1017,11-06-2011,Adelaide,10.4,13.8,0,0,2.9,SE,35,SE,SE,13,19,51,51,1032.1,1030.4,0,0,11.5,12.9,0,0,0
1018,12-06-2011,Adelaide,6.7,15.3,0,0,4.7,SSE,37,ESE,SSE,6,19,72,49,1032.2,1029.2,0,0,11.7,14.1,0,0,0
1019,13-06-2011,Adelaide,7.8,14.1,0,0,2.2,SE,33,SE,SE,17,11,63,46,1030,1027.5,0,0,10.2,12.9,0,0,0
1020,14-06-2011,Adelaide,3.6,16,0,5.8,9,ENE,24,ESE,E,7,9,71,47,1029.5,1026.6,0,0,10.1,15.2,0,0,0
1021,15-06-2011,Adelaide,3.7,16.6,0,1.2,7.8,NW,24,ESE,NW,6,11,82,46,1028,1024.2,0,0,8.4,16.1,0,0,0
1022,16-06-2011,Adelaide,7.3,16.6,0,1.4,4.9,NNW,48,NNE,NNW,11,22,50,40,1020.5,1014.3,0,0,10.9,15.7,0,3,1
1023,17-06-2011,Adelaide,10.8,15.6,3,1.4,2.2,SW,48,SW,WNW,17,15,53,74,1018.1,1019.1,0,0,14.1,14.3,1,1.6,1
1024,18-06-2011,Adelaide,10.4,16.7,1.6,0,1.8,WNW,33,NNE,NW,7,9,94,74,1021.3,1019,0,0,11.8,15,1,0.2,0
1025,19-06-2011,Adelaide,11.7,18.5,0.2,0,3.2,NW,50,NNW,NW,17,19,77,60,1015.2,1012.2,0,0,13,16.4,0,1.8,1
1026,20-06-2011,Adelaide,9.7,17.1,1.8,2.8,1.3,NW,74,NNW,NNW,24,30,77,59,1011,1005,0,0,13.2,16.6,1,14.2,1
1027,21-06-2011,Adelaide,8.8,13.8,14.2,2,6.3,WSW,56,SSW,WSW,7,20,64,55,1010.5,1012.8,0,0,10.5,13.1,1,2,1
1028,22-06-2011,Adelaide,9.8,16.1,2,1.4,1.5,W,39,WNW,W,11,17,83,82,1018.7,1018.2,0,0,13,15.3,1,2.8,1
1029,23-06-2011,Adelaide,11.5,14.7,2.8,0.4,0.2,WNW,28,NNW,NW,7,15,96,87,1023.9,1023.5,0,0,13.4,14.5,1,0.2,0
1030,24-06-2011,Adelaide,9.8,18,0.2,0.6,9.2,N,28,NNE,NNW,9,15,67,51,1027.3,1025.6,0,0,13.4,17.2,0,0,0
1031,25-06-2011,Adelaide,8.3,17.7,0,0,9.3,NNW,43,NNE,NNW,13,22,52,37,1026.5,1022.7,0,0,13,17.5,0,0,0
1032,26-06-2011,Adelaide,10.2,17.6,0,0,2.8,NNE,26,NNE,W,11,7,50,56,1024.2,1023.4,0,0,13,17.2,0,0,0
1033,27-06-2011,Adelaide,4.7,17.5,0,4.4,8.6,ENE,28,NNW,E,6,9,83,45,1031.1,1029.5,0,0,9.4,17.2,0,0,0
1034,28-06-2011,Adelaide,6.7,17.1,0,1.2,9.2,NNE,33,NE,NE,11,13,58,41,1032.5,1029.2,0,0,12.4,16.5,0,0,0
1035,29-06-2011,Adelaide,8.4,19.1,0,1.6,8.8,N,37,NE,NNE,15,20,47,36,1029.6,1027,0,0,14.7,18.5,0,0,0
1036,30-06-2011,Adelaide,14.7,19.9,0,2.4,0.9,NNE,31,NNE,NNE,15,11,53,49,1028.7,1025.8,0,0,16.9,18.7,0,0.2,0
1037,01-07-2011,Adelaide,15.5,22.2,0.2,1.8,7.6,NE,41,NNE,N,15,15,48,37,1023.6,1019.1,0,0,16.9,21.3,0,6,1
1038,02-07-2011,Adelaide,12.7,15.3,6,0,0,NNE,37,E,NNE,9,9,92,88,1014.4,1009.9,0,0,12.8,14.9,1,12.2,1
1039,03-07-2011,Adelaide,10,16.9,12.2,0,7.5,NNW,54,N,NW,17,26,91,40,1011.7,1009.2,0,0,11.1,16.7,1,0,0
1040,04-07-2011,Adelaide,10.2,15.2,0,6.6,2.4,NW,59,N,WNW,20,30,76,61,1011.4,1011.6,0,0,10.9,13.9,0,5.4,1
1041,05-07-2011,Adelaide,9.9,15.3,5.4,1.2,4.2,W,52,W,WNW,17,22,65,62,1018,1016.8,0,0,12.5,14.8,1,1,0
1042,06-07-2011,Adelaide,10.2,14.9,1,1.2,2.2,NW,57,NW,WNW,22,22,89,84,1013,1010,0,0,11.1,12.3,0,6.8,1
1043,07-07-2011,Adelaide,4.9,13.4,6.8,0.6,5.5,SSW,39,S,S,4,7,91,67,1022.3,1025.5,0,0,8.2,11.8,1,1.8,1
1044,08-07-2011,Adelaide,5.8,13.6,1.8,0.4,3.7,W,48,ENE,WNW,7,20,90,67,1029.6,1026.9,0,0,8.4,12.5,1,3.8,1
1045,09-07-2011,Adelaide,7.3,12.5,3.8,0,0,W,31,0,WSW,0,13,95,83,1027,1024.9,0,0,9.6,12.1,1,1.8,1
1046,10-07-2011,Adelaide,9.4,13.7,1.8,0,0.9,WSW,43,W,W,19,24,62,68,1022.8,1022.4,0,0,11.9,13.4,1,2.2,1
1047,11-07-2011,Adelaide,6.1,12.7,2.2,2,0,WSW,19,ESE,SSW,2,7,89,57,1029.7,1028.9,0,0,8.8,12.2,1,0,0
1048,12-07-2011,Adelaide,7.9,11.4,0,1,0.5,N,20,NNE,N,7,7,70,59,1028.7,1025.7,0,0,8.4,11.3,0,0,0
1049,13-07-2011,Adelaide,8.3,13.1,0,0.8,0.2,SE,28,NNE,NNW,9,6,76,70,1025.1,1023.8,0,0,9.5,12.9,0,0,0
1050,14-07-2011,Adelaide,6.5,13.9,0,0.8,8.6,SE,30,0,E,0,13,69,48,1032.6,1031.3,0,0,9.4,13.3,0,0,0
1051,16-07-2011,Adelaide,2.3,15.1,0,0,8.3,N,28,NW,NNW,2,15,72,42,1024.7,1020.1,0,0,7.5,14.4,0,6,1
1052,17-07-2011,Adelaide,7.5,13.6,6,0,2.4,SSW,43,NNE,SW,9,17,96,62,1017.7,1018.3,0,0,8.5,13.2,1,1.4,1
1053,18-07-2011,Adelaide,6.6,14.8,1.4,3,6.4,SW,35,NE,SW,6,17,90,50,1024.9,1024.4,0,0,9.1,14.5,1,0,0
1054,19-07-2011,Adelaide,4,14.5,0,1.4,5.2,SE,28,0,SE,0,15,85,53,1028.4,1026.1,0,0,8.8,13.6,0,0,0
1055,20-07-2011,Adelaide,7.8,13.8,0,1,8.6,ESE,22,E,WSW,6,9,64,58,1028.2,1025.6,0,0,10.3,13.6,0,0,0
1056,21-07-2011,Adelaide,3.8,14.7,0,1,9.6,WSW,19,E,WNW,7,11,67,50,1027.6,1024.4,0,0,9.4,14.5,0,0,0
1057,23-07-2011,Adelaide,5.7,17.5,0,0,4.3,WNW,28,NE,NNW,7,13,62,44,1022.3,1020.1,0,0,10,16.7,0,2,1
1058,24-07-2011,Adelaide,9.3,14.4,2,0,0.3,WSW,39,NNW,WSW,9,17,96,72,1017.9,1017.1,0,0,10.3,14,1,6.2,1
1059,25-07-2011,Adelaide,10.3,15.9,6.2,2.8,6.2,SW,31,SW,SW,4,19,85,58,1021.8,1020.9,0,0,12.6,15.4,1,0,0
1060,26-07-2011,Adelaide,6.7,15.7,0,1.2,5.2,WSW,22,NE,WSW,4,17,83,49,1026.5,1025.6,0,0,10,15.3,0,0,0
1061,27-07-2011,Adelaide,7.2,17.7,0,1.2,9.3,N,37,NNE,NNW,15,13,48,39,1026.7,1024.3,0,0,12.8,17.6,0,0,0
1062,28-07-2011,Adelaide,9.6,20.5,0,1.8,0,N,35,NNE,NNW,13,13,47,32,1024.2,1020.3,0,0,14.9,19.8,0,0,0
1063,29-07-2011,Adelaide,13.9,19.8,0,3,1.1,NW,46,NNE,N,13,19,37,33,1017.7,1014.1,0,0,16.2,19.6,0,4.6,1
1064,30-07-2011,Adelaide,11.6,19,4.6,0,8.5,NE,28,NNE,NW,7,15,81,51,1016.4,1014.6,0,0,13.3,18.2,1,0,0
1065,31-07-2011,Adelaide,6.6,21.7,0,2.8,9.1,N,37,NE,NNW,7,19,57,32,1018,1015,0,0,14.2,21.4,0,0,0
1066,01-08-2011,Adelaide,14.2,21.6,0,4,9.3,NNW,44,NNW,W,17,13,35,44,1015.7,1014,0,0,17.4,21.5,0,0,0
1067,03-08-2011,Adelaide,9.3,24.6,0,0,6.7,NNW,44,NNE,NW,9,11,48,35,1013.2,1010.1,0,0,18.2,23.4,0,6,1
1068,04-08-2011,Adelaide,12.5,13.6,6,5,0,NNE,30,NNE,E,6,11,85,92,1018.1,1015.4,0,0,13,12.9,1,15.4,1
1069,05-08-2011,Adelaide,9.5,16,15.4,0.8,8.5,NNW,41,N,NNW,13,20,82,58,1016.9,1014.8,0,0,11.1,15.2,1,3.8,1
1070,06-08-2011,Adelaide,7.6,15.3,3.8,0,6.3,N,41,N,NW,15,17,77,57,1015.7,1012.9,0,0,10.6,14.6,1,7.8,1
1071,07-08-2011,Adelaide,9.3,14.3,7.8,0,5.1,WSW,37,SE,WSW,4,20,95,72,1015.4,1014.2,0,0,10.5,14,1,6.2,1
1072,08-08-2011,Adelaide,9.3,14.4,6.2,4.6,7.7,WSW,48,SW,WSW,19,22,92,66,1015.9,1014.8,0,0,11.7,13.4,1,7.8,1
1073,09-08-2011,Adelaide,10.4,15,7.8,1.6,4,W,31,SW,WNW,9,15,95,63,1014.1,1010.9,0,0,11,14,1,4.4,1
1074,10-08-2011,Adelaide,7.2,16.6,4.4,1,4.2,S,31,N,S,4,13,95,59,1010.2,1008.7,0,0,9.5,16.1,1,8.4,1
1075,11-08-2011,Adelaide,9.5,17.5,8.4,1.4,9,SSE,30,SSE,SE,7,13,74,47,1018.3,1017,0,0,13.2,17.3,1,0,0
1076,14-08-2011,Adelaide,6.6,20.7,0,0,8.8,N,30,N,N,6,15,70,43,1024.2,1020.3,0,0,13.3,20.6,0,0.4,0
1077,15-08-2011,Adelaide,13.3,16.2,0.4,4.8,0.2,N,35,N,NNW,9,15,66,66,1018.5,1016,0,0,14.5,15.8,0,5.6,1
1078,16-08-2011,Adelaide,12.2,17.9,5.6,0.6,0,N,50,NE,NE,9,22,89,58,1011.3,1002.1,0,0,14,16.9,1,22.6,1
1079,17-08-2011,Adelaide,9.6,14.6,22.6,0,6.5,SW,52,W,SW,15,26,87,45,1006.6,1009.2,0,0,10.3,14.1,1,2.2,1
1080,18-08-2011,Adelaide,9.3,16,2.2,1.2,5,WSW,46,WSW,WSW,20,24,72,72,1018.8,1019.2,0,0,13.4,15.4,1,1.4,1
1081,19-08-2011,Adelaide,9.9,17.1,1.4,1.6,0,WSW,30,S,SW,9,13,77,64,1027,1026.5,0,0,13.2,15.1,1,0,0
1082,20-08-2011,Adelaide,10.9,18.1,0,0,3.6,SW,20,NW,SW,6,11,75,58,1031,1029.3,0,0,13.9,17,0,0,0
1083,21-08-2011,Adelaide,8.4,21.3,0,0,8.4,N,31,N,N,9,9,61,47,1033.4,1031.3,0,0,16.5,19.7,0,0,0
1084,22-08-2011,Adelaide,7.7,20.9,0,3.6,10.4,N,37,NE,NNW,13,19,36,25,1035.6,1032.2,0,0,16.3,20.7,0,0,0
1085,23-08-2011,Adelaide,10.6,22.8,0,3.6,10.7,WNW,33,NNE,NW,11,19,39,26,1032.2,1028.7,0,0,17.4,22.3,0,0,0
1086,24-08-2011,Adelaide,7.7,23.2,0,2.4,10.7,NNW,39,N,NNW,13,19,33,22,1027,1022.4,0,0,17.3,22.9,0,0,0
1087,25-08-2011,Adelaide,12.7,17.2,0,3.6,9.4,0,0,W,SW,22,17,74,47,1022,1023.5,0,0,15.8,16.7,0,0,0
1088,28-08-2011,Adelaide,5.4,18.5,0,0,10.1,NW,37,N,NW,9,20,63,46,1021.8,1017.7,0,0,12.5,17.2,0,0.4,0
1089,29-08-2011,Adelaide,11.9,16.4,0.4,6.6,8,W,39,SSW,SW,9,19,67,39,1022.6,1022.7,0,0,13.6,15.5,0,0,0
1090,30-08-2011,Adelaide,5.6,15.1,0,2.8,6.6,WSW,26,NNW,SW,2,13,66,57,1027.8,1026,0,0,11.5,13.8,0,0,0
1091,31-08-2011,Adelaide,6,19.5,0,1.6,10.3,ESE,33,NE,N,9,6,53,34,1026.7,1023.6,0,0,13.1,18.7,0,0,0
1092,01-09-2011,Adelaide,11.3,21.6,0,2.6,10.9,ENE,31,NE,NNE,13,11,42,27,1025.3,1022.2,0,0,16.3,20.7,0,0,0
1093,02-09-2011,Adelaide,14.2,24.9,0,3.8,10.5,NNE,41,NE,NE,19,24,32,23,1022,1017.8,0,0,18.7,24.3,0,0,0
1094,03-09-2011,Adelaide,18.7,27.4,0,0,2.7,N,56,NE,N,20,17,19,17,1014.1,1010.3,0,0,21.3,26,0,2,1
1095,04-09-2011,Adelaide,10.4,18.5,2,0,9.5,WSW,37,WSW,W,4,15,81,42,1023.3,1021.9,0,0,13,18,1,0,0
1096,05-09-2011,Adelaide,6.3,20.6,0,13,10.8,NW,37,NNE,NW,13,19,54,33,1023,1017.4,0,0,14.6,20.3,0,1.8,1
1097,06-09-2011,Adelaide,8.1,15.8,1.8,3.6,8.9,WSW,48,SW,W,20,17,47,52,1020.1,1019.5,0,0,12,14.5,1,2.8,1
1098,07-09-2011,Adelaide,7.5,17.4,2.8,2,8.7,ESE,39,N,SW,11,9,66,39,1020.8,1018.5,0,0,11.9,15.9,1,0,0
1099,08-09-2011,Adelaide,11.4,17.3,0,2.6,4.3,ESE,43,ESE,S,9,7,48,50,1022.5,1020.9,0,0,13.9,15.6,0,3,1
1100,09-09-2011,Adelaide,7.5,14.8,3,1.6,7.6,SSW,54,SSW,S,15,17,62,70,1025.5,1025.6,0,0,13.1,12.7,1,1.6,1
1101,10-09-2011,Adelaide,10.5,14.3,1.6,0,3.1,WSW,41,SW,SW,17,20,59,69,1027.6,1024.5,0,0,12.7,13.8,1,2.8,1
1102,11-09-2011,Adelaide,7.6,15.7,2.8,0,6.3,SW,33,SSW,SW,11,15,75,72,1025.4,1024.6,0,0,13,14.3,1,0.8,0
1103,12-09-2011,Adelaide,5,16.3,0.8,4.4,5.4,WSW,28,WSW,SW,4,11,64,50,1029.5,1027.2,0,0,11.5,15.4,0,0,0
1104,13-09-2011,Adelaide,5.2,21.9,0,2,10.6,NNW,43,N,WNW,17,26,55,30,1026,1021.3,0,0,13.9,21.4,0,0,0
1105,14-09-2011,Adelaide,10.3,17.6,0,3.6,8.4,WSW,33,SSW,SW,13,15,65,40,1024.3,1023.8,0,0,14.8,17.3,0,0,0
1106,15-09-2011,Adelaide,7,25,0,2.8,8.9,NW,20,0,NW,0,11,53,23,1023.1,1018.3,0,0,15.8,24.8,0,0,0
1107,16-09-2011,Adelaide,11.1,24.3,0,3,7.6,NNE,17,N,NW,7,7,54,41,1018.1,1015.3,0,0,16.8,23.4,0,0,0
1108,17-09-2011,Adelaide,12.7,30.5,0,0,10,NW,63,N,WSW,20,24,10,25,1009.9,1007.8,0,0,23.1,25.6,0,0,0
1109,18-09-2011,Adelaide,9.3,26,0,0,10.7,NNE,30,NNW,NNE,11,13,69,32,1018.8,1013.5,0,0,15.3,23.1,0,0,0
1110,19-09-2011,Adelaide,15.2,25.1,0,14.6,1.4,NNW,61,NNE,W,19,28,14,69,1000.4,1005,0,0,24.5,16.2,0,4.8,1
1111,20-09-2011,Adelaide,10.2,17.8,4.8,2,8,W,44,WSW,W,20,15,67,51,1015.8,1017.1,0,0,13.6,16.9,1,1.6,1
1112,21-09-2011,Adelaide,11.3,22.7,1.6,2.4,8.8,NNW,28,N,W,9,13,76,46,1022.9,1018.6,0,0,14.4,21.6,1,0,0
1113,22-09-2011,Adelaide,11.8,28.1,0,3.8,10.7,N,67,N,NNW,24,37,27,15,1013.3,1009,0,0,22.5,28,0,0,0
1114,23-09-2011,Adelaide,9.7,14.9,0,6,2.4,SW,35,SSE,S,13,9,40,47,1024.3,1022.8,0,0,14.1,13.9,0,0,0
1115,24-09-2011,Adelaide,7.6,16,0,0,4.4,SE,31,NNW,S,4,11,48,37,1024.6,1023.5,0,0,13.3,15.2,0,0,0
1116,25-09-2011,Adelaide,7.1,19.3,0,0,10,WSW,30,E,WSW,9,20,42,42,1025.4,1021.5,0,0,12.5,16.4,0,0,0
1117,26-09-2011,Adelaide,8.4,24,0,7,8.5,N,33,NE,ENE,17,13,22,18,1017.6,1012,0,0,18.8,23.6,0,0,0
1118,27-09-2011,Adelaide,18.5,31.5,0,6.2,10.6,NW,41,NNE,WNW,15,20,16,13,1006.3,1001.2,0,0,23.9,29.9,0,6.2,1
1119,28-09-2011,Adelaide,13.3,21.5,6.2,4.8,5,W,61,ESE,WNW,9,24,93,46,1003.5,997.5,0,0,13.4,21,1,10.8,1
1120,29-09-2011,Adelaide,10.1,17,10.8,4,8.7,W,61,WSW,W,28,31,59,58,1005.6,1008,0,0,14,15.6,1,8.6,1
1121,30-09-2011,Adelaide,9.8,15.7,8.6,2.8,4.8,SW,52,WNW,SW,19,24,90,55,1006.3,1005.5,0,0,10.7,14,1,3.6,1
1122,01-10-2011,Adelaide,7.1,17.3,3.6,0,10,SSW,44,SSW,S,19,17,57,45,1016.6,1017.3,0,0,12.9,16.2,1,0.4,0
1123,02-10-2011,Adelaide,7.1,18.1,0.4,0,11.3,ESE,30,E,NW,11,9,51,35,1023.3,1021.4,0,0,12.1,17.1,0,0,0
1124,03-10-2011,Adelaide,10.6,22.2,0,0,11.4,ESE,28,NE,WSW,13,9,42,31,1021.5,1018.6,0,0,16,21.8,0,0,0
1125,04-10-2011,Adelaide,15.9,21.5,0,14.2,0,ENE,43,ENE,NNE,15,13,32,32,1016.7,1014.9,0,0,18.5,20.8,0,8.6,1
1126,05-10-2011,Adelaide,13.4,17,8.6,1.8,0.2,NNE,26,NNE,NW,9,11,93,82,1013,1011,0,0,13.7,16.1,1,0.8,0
1127,06-10-2011,Adelaide,13.6,19.4,0.8,0.6,3.3,WSW,26,SW,SW,9,13,85,69,1015.3,1013.7,0,0,15.7,18.5,0,0,0
1128,07-10-2011,Adelaide,14.3,18.6,0,2.6,5.4,SW,35,SW,SW,13,19,78,54,1015.1,1013.6,0,0,15.4,17.9,0,0.2,0
1129,08-10-2011,Adelaide,11.5,19.5,0.2,0,9.5,W,30,WSW,WSW,4,13,75,48,1016.7,1015.1,0,0,14.8,18.5,0,0.6,0
1130,09-10-2011,Adelaide,13.3,20.2,0.6,0,7.3,WSW,35,WSW,SSW,9,15,79,43,1015.1,1012.9,0,0,15.1,19.8,0,0,0
1131,10-10-2011,Adelaide,9.6,17.4,0,9.8,2.7,SW,39,SW,WSW,17,24,49,51,1015.9,1015.6,0,0,13.1,16,0,0.6,0
1132,11-10-2011,Adelaide,11.4,19.3,0.6,2.4,8.9,W,31,SW,SSW,13,19,63,47,1018.6,1017.1,0,0,14.4,18.3,0,0,0
1133,12-10-2011,Adelaide,7.7,19.9,0,3.4,11.4,W,30,E,WSW,13,15,56,43,1021.2,1018.1,0,0,14.1,19.4,0,0,0
1134,13-10-2011,Adelaide,12.3,26.7,0,4.2,10.3,E,31,NNE,NE,11,13,36,22,1016.9,1012.8,0,0,19.2,25.9,0,0,0
1135,14-10-2011,Adelaide,19.2,22,0,6.4,2.8,NW,70,NW,ESE,24,9,35,81,1010.7,1008.2,0,0,20.8,17.3,0,4.2,1
1136,15-10-2011,Adelaide,14.1,20.1,4.2,0,8.3,W,57,WNW,WSW,24,31,71,37,1014.6,1015.6,0,0,16.4,19.1,1,0.2,0
1137,16-10-2011,Adelaide,11.5,18.8,0.2,0,11.3,SW,41,SSW,WSW,11,20,57,41,1025.7,1026.7,0,0,14.7,18.3,0,0,0
1138,17-10-2011,Adelaide,8.1,24.1,0,10.8,12.3,ENE,28,ENE,NNE,17,13,49,28,1032.3,1028.2,0,0,14.9,22.5,0,0,0
1139,18-10-2011,Adelaide,13.2,29.8,0,4.8,12.5,NNE,44,NE,NNE,19,24,17,9,1026.5,1021.5,0,0,20.9,28.2,0,0,0
1140,19-10-2011,Adelaide,18.7,34.5,0,7.4,11.4,NNW,54,NNE,NW,13,20,27,11,1019.5,1016.4,0,0,27.3,33.7,0,0,0
1141,20-10-2011,Adelaide,22.1,25.3,0,7.8,1.2,WNW,48,N,SSW,9,13,43,70,1018.9,1021,0,0,24.4,19.7,0,8.2,1
1142,21-10-2011,Adelaide,15.8,21.9,8.2,1.8,0.7,NE,22,ESE,NE,7,9,76,68,1023.8,1021.7,0,0,16.6,19.7,1,0,0
1143,22-10-2011,Adelaide,16.3,26,0,0,10.5,W,22,SW,WSW,2,15,74,48,1022,1019.2,0,0,18.7,25.4,0,0,0
1144,23-10-2011,Adelaide,16.7,31.8,0,0,4.4,NNW,31,WSW,S,2,6,69,47,1016,1011.6,0,0,21.9,25.9,0,0.2,0
1145,24-10-2011,Adelaide,19,22.5,0.2,10,1.7,SE,54,SSW,SE,11,17,66,65,1008.9,1010.9,0,0,22.1,16.8,0,0,0
1146,25-10-2011,Adelaide,9.8,19.1,0,4.2,12.4,SE,50,SE,SSE,22,15,48,32,1019.6,1018.4,0,0,12.6,18.4,0,0,0
1147,26-10-2011,Adelaide,10.7,20.7,0,3.6,10.9,ESE,46,S,SW,6,13,54,42,1021.4,1019.1,0,0,13.9,19.2,0,0,0
1148,27-10-2011,Adelaide,9.8,27.6,0,1,10.1,W,28,NE,NW,11,11,44,25,1017.2,1013.5,0,0,18.3,25.6,0,0,0
1149,28-10-2011,Adelaide,18.3,24.8,0,5.4,1.4,SW,35,NNW,SSW,9,9,54,91,1009.4,1009.9,0,0,22.7,18.7,0,15,1
1150,29-10-2011,Adelaide,12.1,19.2,15,0,11.1,WSW,43,SW,SW,9,20,89,59,1017.4,1018.1,0,0,13.9,16.8,1,0,0
1151,30-10-2011,Adelaide,11.3,19.5,0,0,11.5,SSE,43,SSE,SSE,13,19,49,38,1025.4,1023.9,0,0,14,18.9,0,0,0
1152,31-10-2011,Adelaide,9.5,20.6,0,10.6,10.9,SSE,35,N,SE,6,15,54,37,1028.7,1025.5,0,0,13,20.1,0,0,0
1153,01-11-2011,Adelaide,8.1,21.9,0,4.4,12.6,WSW,35,S,WSW,6,17,57,46,1025.4,1022.2,0,0,14.1,20.3,0,0,0
1154,02-11-2011,Adelaide,9.3,21.2,0,5,12.6,W,41,S,SW,7,22,59,51,1021.4,1019,0,0,16.3,20.4,0,0,0
1155,03-11-2011,Adelaide,13.3,24.2,0,5.4,7.5,SSE,30,E,ESE,2,11,68,47,1019.8,1017.5,0,0,16,23,0,0,0
1156,04-11-2011,Adelaide,11.5,32.2,0,3.8,11.8,ENE,26,N,ESE,6,7,54,18,1018.4,1013.6,0,0,18.9,30,0,0,0
1157,05-11-2011,Adelaide,18,34.8,0,0,8.3,N,43,NNE,WNW,15,20,23,13,1010.8,1006.2,0,0,28.2,33.5,0,0.4,0
1158,06-11-2011,Adelaide,17.8,24,0.4,0,6.2,WNW,26,SW,WSW,13,9,76,54,1010.8,1010.6,0,0,18.3,22.6,0,0,0
1159,07-11-2011,Adelaide,12.9,33.4,0,16.8,6.8,SSW,46,NE,SW,19,17,49,27,1009.6,1006.7,0,0,22.5,29.2,0,5.6,1
1160,08-11-2011,Adelaide,18,29.5,5.6,4.4,7.4,NW,24,N,NW,7,13,84,45,1010.6,1007.1,0,0,20.5,28.5,1,0.2,0
1161,09-11-2011,Adelaide,20,29.9,0.2,4.6,9.7,NNW,50,NNW,SW,15,22,48,62,1006.5,1006.1,0,0,25,23.5,0,3.4,1
1162,10-11-2011,Adelaide,13.2,21.4,3.4,6.8,11.9,WSW,41,WNW,WSW,19,15,60,46,1019.1,1020.3,0,0,17,20.3,1,0,0
1163,11-11-2011,Adelaide,11.9,26.3,0,4.8,9.9,WNW,35,N,W,11,17,48,24,1023.9,1020,0,0,18.4,25.7,0,0,0
1164,12-11-2011,Adelaide,12,30.9,0,0,7.7,NW,31,SW,NW,9,13,30,13,1018.8,1015.4,0,0,21.7,30.1,0,0,0
1165,13-11-2011,Adelaide,21.4,32.8,0,0,8.3,W,43,NE,WNW,7,26,32,26,1010,1005.4,0,0,23.8,31.8,0,0,0
1166,14-11-2011,Adelaide,14.5,25.1,0,17,12.3,NW,35,NW,WSW,11,17,66,48,1013.7,1014,0,0,19.3,24.3,0,0,0
1167,15-11-2011,Adelaide,14.6,29,0,5.6,10.7,SSE,37,NNW,SW,13,19,44,29,1015.7,1014.1,0,0,22.9,27.1,0,0.2,0
1168,16-11-2011,Adelaide,14.3,27.7,0.2,6.2,10.5,E,33,ESE,ENE,6,7,50,26,1021,1016.1,0,0,16.5,26.1,0,0,0
1169,17-11-2011,Adelaide,16.5,32.9,0,7,12.5,ENE,37,NNW,W,17,15,39,28,1013.5,1011.3,0,0,25.9,31,0,0,0
1170,18-11-2011,Adelaide,21.8,36.8,0,8.4,8.9,NW,61,NNE,NW,13,22,28,19,1010.2,1007.4,0,0,29.6,36.5,0,0,0
1171,19-11-2011,Adelaide,19.2,23.4,0,0,1.9,SW,41,SW,SSE,11,19,63,59,1013.1,1012.9,0,0,21.3,20.8,0,0.2,0
1172,20-11-2011,Adelaide,11.8,21.5,0.2,0,10.8,W,41,NNE,WSW,4,15,68,40,1020,1019.2,0,0,15.4,20.5,0,0,0
1173,21-11-2011,Adelaide,11.4,23,0,14,8.5,WNW,30,SE,WSW,6,9,58,34,1020.5,1016.4,0,0,16.3,21.9,0,0,0
1174,22-11-2011,Adelaide,12.7,21.7,0,6,5.3,SW,43,NW,WSW,4,20,68,33,1015.2,1014.3,0,0,16.6,21.1,0,0,0
1175,23-11-2011,Adelaide,12.8,21.9,0,5.3,10.2,SSE,61,SSE,S,9,19,68,30,1023.7,1022.4,0,0,15.1,20.9,0,0,0
1176,24-11-2011,Adelaide,11.6,24.8,0,7,10.6,SE,65,WNW,SE,11,13,44,27,1024.7,1020,0,0,17.4,23.1,0,3,1
1177,25-11-2011,Adelaide,15.3,18.7,3,5,0,SW,37,NNW,SW,9,19,90,75,1016.7,1013.6,0,0,16.2,17.4,1,6,1
1178,26-11-2011,Adelaide,14.9,21.6,6,0,5.3,SW,41,SW,SW,17,19,82,63,1011.4,1011.7,0,0,17.5,20.1,1,2.8,1
1179,27-11-2011,Adelaide,12,28.5,2.8,0,12.4,NNW,24,NNE,WSW,9,13,68,34,1013.4,1012.7,0,0,16.8,26.2,1,0,0
1180,28-11-2011,Adelaide,16,33.5,0,10.2,6.4,NNW,41,NE,W,17,9,32,22,1010.7,1007.2,0,0,26.1,31.3,0,0,0
1181,29-11-2011,Adelaide,20.4,30.2,0,6.6,2.5,SW,46,ENE,WSW,6,6,60,34,1005.5,1002.5,0,0,23.4,28.2,0,3.4,1
1182,30-11-2011,Adelaide,13.7,19.7,3.4,4.2,12.8,W,50,SW,SW,28,24,43,27,1018.1,1020.9,0,0,15.6,18.9,1,0,0
1183,01-12-2011,Adelaide,9.5,22.5,0,7,8,ESE,41,SSE,SE,15,19,48,36,1027.6,1025,0,0,16.2,21.2,0,0,0
1184,02-12-2011,Adelaide,12.4,25.1,0,4.8,13.5,WSW,39,E,WSW,11,20,39,34,1025,1020.9,0,0,17.4,22.4,0,0,0
1185,03-12-2011,Adelaide,12.9,25.7,0,0,13.5,SSE,48,SE,S,9,13,56,36,1021.6,1018.6,0,0,18.2,24.1,0,0,0
1186,04-12-2011,Adelaide,11.9,22.9,0,0,13.5,SE,41,SE,ESE,13,20,41,25,1023.7,1020.1,0,0,15.8,22.3,0,0,0
1187,05-12-2011,Adelaide,12.2,28.2,0,21.6,13.5,E,44,ENE,ESE,17,13,40,16,1019.8,1014.9,0,0,16.7,26.2,0,0,0
1188,06-12-2011,Adelaide,16.3,30.2,0,7,13.4,ESE,43,NNE,SW,15,22,17,13,1013.9,1011.2,0,0,24.7,28.7,0,0,0
1189,07-12-2011,Adelaide,17,33.1,0,9.2,13.5,ESE,37,NE,WSW,6,15,24,14,1010.5,1008.2,0,0,25.5,31.8,0,0,0
1190,08-12-2011,Adelaide,18.1,31.4,0,8.2,0,NW,44,ENE,E,2,4,40,21,1006.8,1004.5,0,0,23,30.5,0,2.4,1
1191,09-12-2011,Adelaide,18.5,23,2.4,3.6,0,NNE,50,NNW,NNE,11,22,89,60,1007.3,1005.6,0,0,18.8,21.7,1,1.6,1
1192,10-12-2011,Adelaide,18.5,23.7,1.6,0,5.8,WSW,39,WSW,WSW,13,22,85,58,1007.3,1006.8,0,0,19.4,22.8,1,0,0
1193,11-12-2011,Adelaide,14.6,22.2,0,0,9,W,44,SSE,WSW,13,22,51,36,1012.3,1010.7,0,0,17.1,21.4,0,0,0
1194,12-12-2011,Adelaide,15.2,22.1,0,14.2,4.9,W,39,SSW,WSW,7,20,54,42,1013.5,1013.2,0,0,16.9,21.1,0,0.2,0
1195,13-12-2011,Adelaide,14.2,23.6,0.2,4.8,10.3,SE,35,SSE,SSE,9,17,50,33,1018.1,1016.2,0,0,16.7,23.3,0,0,0
1196,14-12-2011,Adelaide,12.9,26.8,0,7.4,10.3,ESE,41,E,SW,19,7,39,27,1018,1014.8,0,0,17.4,26.2,0,0,0
1197,15-12-2011,Adelaide,17.3,30.8,0,6.8,10.9,SE,54,NE,WSW,13,19,30,18,1015.5,1013,0,0,22.5,29.8,0,0,0
1198,16-12-2011,Adelaide,20.3,33.9,0,8.4,9.8,SE,48,NE,E,17,17,33,12,1014.1,1011.3,0,0,25.2,32.5,0,0,0
1199,17-12-2011,Adelaide,24.7,25.4,0,0,0,NNE,56,NNE,NE,24,28,51,62,1009.9,1005.1,0,0,25.1,24.8,0,8.6,1
1200,18-12-2011,Adelaide,18.7,20.7,8.6,0,0.9,WNW,41,NW,WNW,15,13,74,92,1004.7,1005.1,0,0,19.9,18.8,1,5.4,1
1201,19-12-2011,Adelaide,16.5,25,5.4,12.6,10.9,WSW,35,WSW,SSW,11,11,61,45,1012.1,1011.8,0,0,19.3,23.7,1,0,0
1202,20-12-2011,Adelaide,14.4,24.9,0,6.4,4.4,ESE,30,E,WSW,7,11,61,48,1016.6,1015.6,0,0,17.8,22.8,0,0,0
1203,21-12-2011,Adelaide,17.8,30.9,0,4.2,13.6,E,39,ENE,ESE,19,17,43,24,1016.8,1014.2,0,0,23.1,30.4,0,0,0
1204,22-12-2011,Adelaide,15.7,32.1,0,9.2,12.6,SW,28,WSW,WSW,6,17,36,17,1014.8,1012.9,0,0,23.9,31.6,0,0,0
1205,23-12-2011,Adelaide,17.5,33.3,0,8,12.7,WSW,33,0,SW,0,13,31,9,1012.5,1010.7,0,0,25.1,32.4,0,0,0
1206,24-12-2011,Adelaide,20.2,39,0,0,9.3,SW,24,SSW,NNE,6,13,40,12,1010.1,1006.2,0,0,26.6,35.7,0,0,0
1207,25-12-2011,Adelaide,22.3,29.9,0,0,8.4,S,35,N,SW,11,9,65,48,1006.7,1005.4,0,0,24.6,26.2,0,0,0
1208,26-12-2011,Adelaide,16.7,24.1,0,22.4,11.2,SW,48,S,SW,13,24,58,40,1013.2,1012.7,0,0,18.2,23,0,0,0
1209,27-12-2011,Adelaide,15.5,22.8,0,0,3.4,WSW,33,S,SW,15,17,50,52,1016.8,1016,0,0,19.8,21.5,0,0,0
1210,28-12-2011,Adelaide,14.4,28.8,0,11.6,13.3,W,31,SSE,SE,17,13,55,19,1018.1,1014.9,0,0,20,28.1,0,0,0
1211,29-12-2011,Adelaide,13.3,31,0,0,13.2,SSE,37,SE,WSW,7,20,40,29,1017.9,1016,0,0,20.3,28.1,0,0,0
1212,30-12-2011,Adelaide,17.1,34.5,0,0,13.1,SW,35,WNW,WSW,4,19,34,16,1015.9,1014.1,0,0,26.8,33.1,0,0,0
1213,02-01-2012,Adelaide,29.2,40.6,0,0,11.4,NNW,56,N,SW,17,17,14,19,1010,1009.1,0,0,34.7,35.2,0,0.2,0
1214,03-01-2012,Adelaide,25.3,35.9,0.2,35,10.4,SW,44,SW,SW,9,15,61,24,1013.4,1011.3,0,0,26.8,35,0,0,0
1215,04-01-2012,Adelaide,17.5,26.4,0,9.4,13.3,SSE,41,S,SSE,17,17,0,32,1020.9,1019.1,0,0,0,26.3,0,0,0
1216,05-01-2012,Adelaide,15.5,27.9,0,8.6,13.6,SE,50,SE,ESE,13,19,44,27,1018.9,1016.5,0,0,19.9,26.5,0,0,0
1217,06-01-2012,Adelaide,15.2,33.1,0,8.4,12.5,E,50,ENE,N,19,15,37,16,1016,1010.9,0,0,19.1,30.4,0,0,0
1218,07-01-2012,Adelaide,19.1,33.1,0,0,0.9,NW,61,N,NNW,13,19,18,51,1002.3,1002.8,0,0,31.1,29.7,0,7.8,1
1219,08-01-2012,Adelaide,17.9,22.2,7.8,0,4.3,WSW,56,WNW,WSW,24,22,66,60,1007.4,1008.8,0,0,20.3,18.9,1,4.6,1
1220,09-01-2012,Adelaide,14.1,22.5,4.6,16,5.6,WSW,48,SW,WSW,20,20,47,46,1015.3,1015.8,0,0,17.6,21.4,1,1.2,1
1221,10-01-2012,Adelaide,15.7,22.1,1.2,4.2,9.7,SW,39,SW,SW,17,19,66,40,1017.5,1016.3,0,0,18.1,21.3,1,0,0
1222,11-01-2012,Adelaide,15.8,22.8,0,6.2,9.6,SW,52,SW,SW,20,22,52,38,1018.5,1019.4,0,0,17.3,21.1,0,0,0
1223,12-01-2012,Adelaide,14.4,25.6,0,6,8.2,SSE,35,SE,E,9,15,56,35,1024.2,1020.7,0,0,15.6,23.6,0,0,0
1224,13-01-2012,Adelaide,15.6,26.8,0,5.6,9.3,SSE,39,NW,SE,4,19,56,30,1021.7,1019.4,0,0,19.4,26.6,0,0,0
1225,14-01-2012,Adelaide,14.4,25.3,0,0,13.5,ESE,43,ESE,SSE,9,20,51,31,1021,1018.2,0,0,17.8,24,0,0,0
1226,15-01-2012,Adelaide,14.4,30,0,0,13.5,ESE,33,NW,WSW,9,20,48,36,1018.6,1015.1,0,0,19.4,27.2,0,0,0
1227,16-01-2012,Adelaide,15.1,37.4,0,20,13.5,WNW,33,NE,W,11,15,25,19,1012.6,1010,0,0,28.1,36.3,0,0,0
1228,17-01-2012,Adelaide,21.6,39.2,0,10.4,6,NNW,56,NNE,WNW,17,19,27,23,1010.4,1009.1,0,0,31.7,34.3,0,0,0
1229,18-01-2012,Adelaide,20.8,28.9,0,8,13.2,SSE,33,SE,S,11,17,57,42,1015.4,1015.3,0,0,23,27.6,0,0,0
1230,19-01-2012,Adelaide,16,32.3,0,8,12.5,SSE,43,NNW,SSE,7,17,32,29,1017.5,1015.3,0,0,22,31,0,0,0
1231,20-01-2012,Adelaide,19,32,0,8.8,10.9,SSE,33,SSW,S,7,15,57,31,1015.9,1013.1,0,0,21.6,31.4,0,0,0
1232,21-01-2012,Adelaide,16.5,32.2,0,0,13.4,ESE,30,NNE,ESE,6,11,51,33,1015.2,1012.6,0,0,20.8,30.2,0,0,0
1233,22-01-2012,Adelaide,20.8,36.8,0,0,13.3,ENE,43,NE,WSW,6,17,38,26,1013.6,1012,0,0,29.9,36.2,0,0,0
1234,23-01-2012,Adelaide,27.6,38,0,26.8,13.2,NE,43,NNE,SW,11,22,33,25,1013.8,1010.8,0,0,30.9,37.5,0,0,0
1235,24-01-2012,Adelaide,24.3,37.3,0,10,13.2,SE,43,N,SW,7,17,38,26,1012.7,1010.8,0,0,30.3,36.3,0,0,0
1236,25-01-2012,Adelaide,22.4,35.8,0,11.2,13.2,ESE,43,ESE,S,7,13,50,32,1012.9,1010.9,0,0,26.1,35.1,0,0,0
1237,26-01-2012,Adelaide,19.2,32,0,0,13.1,SE,43,SSE,SE,13,20,50,38,1015.3,1013,0,0,22.8,31.6,0,0,0
1238,27-01-2012,Adelaide,19.8,34.2,0,18.8,13.1,ESE,52,ESE,SE,9,15,49,28,1012.5,1008.5,0,0,23.9,32.8,0,0,0
1239,28-01-2012,Adelaide,22.9,35.1,0,0,11.3,E,63,ENE,ENE,13,11,50,35,1007.5,1003.9,0,0,29.2,33.5,0,4.2,1
1240,29-01-2012,Adelaide,23.4,31.3,4.2,0,7.6,NE,33,NE,ENE,13,17,69,50,1002.5,998,0,0,25.2,30.3,1,0,0
1241,30-01-2012,Adelaide,19.9,24.8,0,25.6,10.1,SW,61,SW,SW,20,31,73,47,1000.5,1005,0,0,20.3,23,0,0,0
1242,31-01-2012,Adelaide,15.1,22.3,0,7.4,7.8,SE,54,S,SE,13,20,45,37,1017.8,1017.2,0,0,17.2,20.5,0,0,0
1243,01-02-2012,Adelaide,13.6,23.9,0,7,12.4,ESE,65,ESE,SSE,13,17,51,29,1018.2,1014.7,0,0,16.5,23.5,0,0,0
1244,02-02-2012,Adelaide,15,29,0,6,13,SW,46,NW,W,6,24,56,30,1012.1,1008.1,0,0,18.9,27.7,0,0,0
1245,03-02-2012,Adelaide,14.3,27.7,0,8.8,11.5,WSW,30,NW,WSW,6,15,55,31,1008.6,1006.2,0,0,19.1,26.8,0,0,0
1246,04-02-2012,Adelaide,14.9,30.4,0,0,5.9,WSW,24,NNW,NW,2,6,56,31,1003.5,999.6,0,0,20.6,28.4,0,14.6,1
1247,05-02-2012,Adelaide,14.2,20.5,14.6,0,0,WSW,57,W,SW,19,24,85,55,1000.2,1004.2,0,0,16.2,18.6,1,1.4,1
1248,06-02-2012,Adelaide,14,22.4,1.4,12.6,11.8,W,41,SW,WSW,15,17,52,44,1011.8,1011.3,0,0,16.8,21.6,1,0.8,0
1249,07-02-2012,Adelaide,13.9,21.7,0.8,5,1.4,SSW,37,S,SW,9,15,62,45,1014.4,1013.9,0,0,17.1,21.3,0,0,0
1250,08-02-2012,Adelaide,13.3,21.1,0,5,0.4,SW,28,ESE,SW,9,11,55,39,1017.7,1016.2,0,0,16.1,20.7,0,0,0
1251,09-02-2012,Adelaide,12.6,22.5,0,2.2,3.9,SE,33,SE,SW,7,15,49,41,1016,1014.1,0,0,16.5,20.7,0,0,0
1252,10-02-2012,Adelaide,14.3,20.2,0,4,2.4,SSW,39,SSW,SW,11,19,67,75,1016.4,1015.6,0,0,16.3,18.2,0,6.8,1
1253,11-02-2012,Adelaide,15.1,23.8,6.8,0,6.7,SSE,35,SSE,SSE,15,13,77,44,1018,1017,0,0,17.1,21.8,1,0,0
1254,12-02-2012,Adelaide,12,24.1,0,0,12.7,SSE,43,SE,SW,7,17,62,43,1019.9,1017.5,0,0,17.6,22.9,0,0,0
1255,13-02-2012,Adelaide,14.2,30.1,0,11.2,12.4,0,0,SW,W,4,2,56,25,1018.5,1016.6,0,0,20.6,29.6,0,0,0
1256,14-02-2012,Adelaide,17.9,35.3,0,7.2,6.3,NNW,39,NE,W,17,15,22,14,1016,1014,0,0,26.9,34.1,0,0,0
1257,15-02-2012,Adelaide,23.6,28.3,0,7.8,7.8,SW,33,SW,W,4,13,59,46,1013,1012.8,0,0,25.3,27.1,0,0.2,0
1258,16-02-2012,Adelaide,17,29.2,0.2,4.6,12.7,SSW,35,WNW,WSW,9,22,68,46,1016.2,1014.4,0,0,20.3,26,0,0,0
1259,17-02-2012,Adelaide,15.1,31.6,0,5.8,9.2,WNW,30,ESE,WSW,6,17,62,32,1016.1,1014.3,0,0,18.8,29.9,0,0,0
1260,18-02-2012,Adelaide,18.8,35.9,0,0,11.1,ESE,39,ENE,SW,7,13,43,24,1014.4,1011.5,0,0,26,33.9,0,0.6,0
1261,19-02-2012,Adelaide,22.4,32.7,0.6,0,5,WSW,31,NNW,WSW,7,20,48,22,1012.1,1013.3,0,0,26.1,32,0,0,0
1262,20-02-2012,Adelaide,18.7,28,0,20.6,12.1,S,39,SE,SSE,13,19,63,38,1015.1,1013.6,0,0,21.6,26.8,0,0,0
1263,21-02-2012,Adelaide,16,27.4,0,6.6,11.6,SE,35,E,S,9,13,66,39,1015.9,1014.1,0,0,18.9,25.3,0,0,0
1264,22-02-2012,Adelaide,15.1,30,0,5.6,12.1,SW,35,WSW,W,4,15,60,31,1016.4,1014.8,0,0,20,29.3,0,0,0
1265,23-02-2012,Adelaide,15.4,34.8,0,5.8,12.4,WNW,26,0,W,0,13,47,17,1018.9,1017.3,0,0,22.5,33.5,0,0,0
1266,24-02-2012,Adelaide,22.2,39.2,0,8,12.4,N,41,NNE,WSW,11,15,16,11,1016.6,1013.7,0,0,30.9,38.4,0,0,0
1267,25-02-2012,Adelaide,25.4,40.3,0,0,12,N,37,NNE,W,17,15,24,18,1012.2,1009.3,0,0,32.6,39.7,0,0,0
1268,26-02-2012,Adelaide,28.1,33.1,0,0,2.6,N,48,NNE,SW,15,15,25,37,1008.6,1008.8,0,0,30.7,30.7,0,0.2,0
1269,27-02-2012,Adelaide,23,32.3,0.2,24.2,6,SE,31,SE,WSW,11,13,70,40,1011.3,1009.7,0,0,23.3,31.8,0,0,0
1270,28-02-2012,Adelaide,19,23.5,0,6.4,0.9,SSE,37,ESE,SE,11,15,61,45,1014,1013.9,0,0,19.1,22.7,0,0.4,0
1271,29-02-2012,Adelaide,18.6,19.1,0.4,4,0,SE,33,S,SSE,4,17,79,84,1012.3,1010.8,0,0,18.7,15.5,0,15.6,1
1272,01-03-2012,Adelaide,14.8,24.9,15.6,0.6,8.2,SSE,54,S,SE,11,17,72,55,1009.4,1009.2,0,0,19,23.1,1,0,0
1273,02-03-2012,Adelaide,15.4,25.3,0,4.2,8.2,ESE,65,S,ESE,13,15,61,43,1012.2,1008.9,0,0,17.7,24.6,0,0,0
1274,03-03-2012,Adelaide,15.2,27.2,0,0,8.5,WSW,31,0,SSW,0,9,79,40,1008,1006.5,0,0,18.4,26.1,0,0.2,0
1275,04-03-2012,Adelaide,17.4,23.4,0.2,0,9.5,WSW,43,WSW,WSW,17,24,64,49,1013.5,1015.1,0,0,19.2,22.5,0,0.2,0
1276,05-03-2012,Adelaide,13.6,24.6,0.2,13.2,8.7,SW,39,S,WSW,7,15,70,48,1021.8,1021.4,0,0,17.9,22.4,0,0,0
1277,06-03-2012,Adelaide,15.5,23.6,0,4.4,10.6,SSE,46,S,SSE,11,20,53,44,1025.8,1024.3,0,0,17.5,22.5,0,0,0
1278,07-03-2012,Adelaide,15,27.7,0,5.2,11.4,SE,43,NNE,SE,11,17,65,25,1025.3,1021.3,0,0,16.4,26.2,0,0,0
1279,08-03-2012,Adelaide,13.2,26.9,0,5.8,11.3,WSW,30,ENE,WSW,9,17,45,26,1019.6,1016.7,0,0,19.5,25.7,0,0,0
1280,09-03-2012,Adelaide,12.4,27.8,0,5.6,11.4,W,33,N,SW,6,17,51,22,1016.2,1015.5,0,0,18.4,26.5,0,0,0
1281,10-03-2012,Adelaide,13.6,24.1,0,0,11,WSW,31,0,WSW,0,17,67,42,1019.6,1017.6,0,0,17.9,23,0,0,0
1282,11-03-2012,Adelaide,12.5,27.3,0,0,10,W,30,0,WNW,0,13,60,32,1019.2,1017.3,0,0,17,26.5,0,0,0
1283,12-03-2012,Adelaide,13.9,29.7,0,0,11.4,SW,24,0,WSW,0,17,49,28,1018,1015.5,0,0,19.5,28.2,0,0,0
1284,13-03-2012,Adelaide,13.8,35,0,19,10.7,NW,30,NE,NW,6,13,44,17,1014.4,1010.5,0,0,20.3,34,0,0,0
1285,14-03-2012,Adelaide,20.3,34.8,0,6.8,5.2,WSW,61,NE,ENE,13,7,25,53,1007.9,1003.3,0,0,27.3,27.8,0,24.4,1
1286,15-03-2012,Adelaide,18.1,24.3,24.4,6.4,8.5,NW,35,NW,NNW,15,22,68,54,1007.8,1007.1,0,0,18.6,21.9,1,0.8,0
1287,16-03-2012,Adelaide,16.3,22.3,0.8,2.4,10.4,SW,37,SW,SW,15,19,73,50,1013.3,1014,0,0,18.2,22,0,0.4,0
1288,17-03-2012,Adelaide,11.8,24.3,0.4,0,11.1,SE,30,0,S,0,13,74,38,1021.1,1019.5,0,0,16.5,23.2,0,0,0
1289,18-03-2012,Adelaide,15.4,27.3,0,0,0,E,44,E,E,17,13,54,32,1022.7,1019.5,0,0,18.4,26.5,0,0,0
1290,19-03-2012,Adelaide,18.3,31.4,0,14.4,11,NE,50,NE,NE,24,20,48,27,1016.9,1012.8,0,0,23,30.5,0,0,0
1291,20-03-2012,Adelaide,23,33.7,0,8.6,9.9,W,52,NNE,NW,17,28,41,29,1008.7,1004.3,0,0,25.4,33.2,0,17.2,1
1292,21-03-2012,Adelaide,14.3,20,17.2,7.6,9.8,SW,43,SSW,SSW,20,17,52,33,1013,1012.7,0,0,15.9,19.4,1,0,0
1293,22-03-2012,Adelaide,11.3,19.7,0,4.6,3.1,WSW,44,SW,WSW,4,11,55,42,1014.8,1012.6,0,0,15,18.8,0,2,1
1294,23-03-2012,Adelaide,14.1,18.7,2,2.8,2.7,WSW,50,SW,SW,15,26,72,55,1014.9,1015.7,0,0,14.7,18.1,1,3.2,1
1295,24-03-2012,Adelaide,13.2,20.8,3.2,0,7.6,W,31,ESE,SW,4,17,96,59,1019.9,1019.6,0,0,14.6,19.7,1,0.2,0
1296,25-03-2012,Adelaide,11.8,23.2,0.2,0,8.2,SE,28,0,WSW,0,13,80,53,1023.7,1021.6,0,0,15.8,22.3,0,0,0
1297,26-03-2012,Adelaide,11.8,25.1,0,8.4,9.6,WSW,30,NE,SW,4,13,59,34,1022.7,1020.5,0,0,16.6,23.4,0,0,0
1298,27-03-2012,Adelaide,15.5,25.4,0,4.4,0.9,WNW,24,ENE,W,9,11,47,39,1021.5,1019.9,0,0,18.9,24.5,0,0,0
1299,28-03-2012,Adelaide,16.3,28.8,0,2.4,10.3,WNW,24,0,WSW,0,11,57,28,1019.9,1017.7,0,0,19,28.2,0,0,0
1300,29-03-2012,Adelaide,15.1,30.4,0,4.6,10.5,W,28,ENE,WNW,2,17,57,25,1017.7,1015.1,0,0,20.2,29.4,0,0,0
1301,30-03-2012,Adelaide,15.3,31.4,0,4.4,10.1,NNW,35,NE,WNW,13,15,77,28,1015.8,1012,0,0,18.4,29.5,0,0,0
1302,31-03-2012,Adelaide,18.4,22.3,0,6,8.4,WNW,44,WSW,SW,17,15,62,49,1016.7,1016.8,0,0,19.2,21.5,0,0,0
1303,01-04-2012,Adelaide,12.4,24.2,0,0,9.7,SW,26,NNE,SSW,9,13,54,42,1020.3,1015.8,0,0,19,23,0,0,0
1304,02-04-2012,Adelaide,14.9,33.1,0,7.6,8,NNW,41,NE,NNW,9,24,36,26,1012.6,1008.2,0,0,24.2,32.2,0,0.6,0
1305,03-04-2012,Adelaide,17.3,25.8,0.6,3.8,9.3,W,26,NW,W,7,13,70,49,1016.8,1015.4,0,0,20.6,25.4,0,0,0
1306,04-04-2012,Adelaide,14.4,30.1,0,2.8,8,NW,26,N,W,4,13,60,29,1017.4,1014.9,0,0,21.4,29.2,0,0,0
1307,05-04-2012,Adelaide,14.3,34.6,0,2.8,10.5,NNW,26,0,NW,0,13,46,18,1017.8,1013.4,0,0,24.7,33.6,0,0,0
1308,06-04-2012,Adelaide,19.1,24.8,0,0,8.8,WSW,65,WNW,WSW,19,31,55,49,1014,1019.3,0,0,24.6,19.9,0,0,0
1309,07-04-2012,Adelaide,13.5,20.1,0,0,8.8,WSW,30,SSE,WSW,7,17,40,37,1025.8,1022.8,0,0,16.9,18.5,0,0,0
1310,08-04-2012,Adelaide,11.3,20.2,0,0,6.4,WSW,39,N,WSW,9,20,57,47,1022.1,1020.6,0,0,15.1,19.7,0,3.4,1
1311,09-04-2012,Adelaide,12.4,19.4,3.4,0,4.5,SW,35,SSW,SW,13,17,51,43,1027.1,1027.2,0,0,16.3,18.8,1,0,0
1312,10-04-2012,Adelaide,12.9,19.5,0,18.4,7.1,ESE,37,E,SSE,13,15,45,32,1036.4,1033.4,0,0,14,18.7,0,0,0
1313,11-04-2012,Adelaide,8.5,20.4,0,2.8,10.8,W,24,ENE,SW,11,15,47,42,1036.4,1031.9,0,0,14,19,0,0,0
1314,12-04-2012,Adelaide,8.2,24.1,0,3.2,10.9,WNW,28,N,WSW,9,13,42,25,1032.8,1029.4,0,0,16.7,23,0,0,0
1315,13-04-2012,Adelaide,8.9,26.2,0,3.4,10.8,W,24,NNE,W,6,15,33,15,1028.8,1024.5,0,0,19.5,25.6,0,0,0
1316,14-04-2012,Adelaide,11.8,28.3,0,0,10.1,NNW,39,NNE,NW,9,19,29,20,1022.4,1019,0,0,21.9,27.7,0,0,0
1317,15-04-2012,Adelaide,11.7,29.1,0,0,10.6,WNW,26,NE,WSW,9,13,27,17,1021.6,1019.7,0,0,22.9,28.3,0,0,0
1318,16-04-2012,Adelaide,11.8,28.1,0,11.4,10.6,ESE,20,SSE,SW,2,9,56,24,1024.8,1021.7,0,0,20,27.8,0,0,0
1319,17-04-2012,Adelaide,12.8,29.7,0,3.6,0,SE,24,S,W,4,7,47,22,1023.1,1019.6,0,0,20.6,28.9,0,0,0
1320,18-04-2012,Adelaide,14.9,31.2,0,4.4,0,NW,30,NNE,W,7,11,28,19,1018.6,1014.9,0,0,24.8,30.6,0,0,0
1321,19-04-2012,Adelaide,17.1,29.6,0,4.4,0,S,28,NNE,SW,11,7,27,24,1015.6,1013.2,0,0,24.5,28.4,0,0,0
1322,21-04-2012,Adelaide,18.7,22.6,0,0,0,N,31,NW,N,9,13,41,81,1012.3,1011.2,0,0,21.3,18.3,0,6,1
1323,22-04-2012,Adelaide,16.1,21.3,6,0,0,W,50,NW,WNW,26,24,58,50,1009.2,1007.6,0,0,18.1,20.8,1,12.2,1
1324,23-04-2012,Adelaide,11.1,16.5,12.2,8.8,0,WSW,54,WSW,SSW,13,17,84,86,1012.3,1013.6,0,0,13.1,11,1,2.4,1
1325,24-04-2012,Adelaide,7.6,17.9,2.4,0.6,0,SW,43,SW,SSW,13,17,62,69,1022.1,1022.3,0,0,14.1,14.6,1,0.4,0
1326,25-04-2012,Adelaide,10.7,18.1,0.4,0,0,SW,31,SSW,SW,13,15,68,72,1025.8,1023.8,0,0,15.2,16.5,0,2,1
1327,26-04-2012,Adelaide,9.9,17.9,2,3.2,0,WSW,26,NE,WSW,7,17,93,58,1025.8,1023.5,0,0,14.1,17,1,0,0
1328,27-04-2012,Adelaide,8.6,19.4,0,0.8,0,SW,19,0,WSW,0,2,79,64,1025.9,1023.2,0,0,14.3,18.3,0,0,0
1329,28-04-2012,Adelaide,8,19.7,0,0,0,SW,30,0,WSW,0,17,74,58,1024.6,1023.1,0,0,14.5,19.2,0,0,0
1330,29-04-2012,Adelaide,8.8,20.2,0,0,0,SE,30,N,WSW,6,11,77,61,1025.9,1023.1,0,0,15,19.4,0,0,0
1331,30-04-2012,Adelaide,13.6,24.6,0,4.6,0,NW,30,NNE,N,11,15,48,30,1020.7,1016.7,0,0,17.3,23.3,0,0,0
1332,01-05-2012,Adelaide,16.1,18.1,0,3,0,WSW,30,N,SSW,13,13,43,96,1017.7,1018.3,0,0,17.8,16,0,12.4,1
1333,02-05-2012,Adelaide,9.4,16.5,12.4,0.8,0,SSE,39,S,S,9,15,53,47,1029.6,1028.5,0,0,13.5,14.6,1,0,0
1334,03-05-2012,Adelaide,5.9,17.1,0,2,0,SSW,33,N,SW,7,17,64,77,1028.7,1025.6,0,0,11.6,14,0,0.8,0
1335,06-05-2012,Adelaide,11.5,18.5,0,0,0,NNW,31,NE,NNW,9,17,55,47,1019,1016.1,0,0,14.9,17.5,0,0.4,0
1336,07-05-2012,Adelaide,13.3,23.2,0.4,4.2,0,NNW,50,NNE,WNW,13,20,40,53,1013.6,1011.3,0,0,17,21.9,0,0,0
1337,08-05-2012,Adelaide,11.2,27.4,0,2.4,0,N,43,NE,NNW,13,24,33,22,1012.5,1008.5,0,0,19.1,25,0,0.2,0
1338,09-05-2012,Adelaide,14.6,21.7,0.2,2.8,0,NW,43,NNW,W,15,26,85,48,1018,1017.9,0,0,17,20.9,0,0,0
1339,10-05-2012,Adelaide,9.7,21.4,0,1.4,0,NW,24,0,WNW,0,13,76,36,1022.9,1019,0,0,14.8,21.1,0,3.8,1
1340,13-05-2012,Adelaide,9.7,16.9,0,0,0,SW,41,0,SSW,0,17,81,55,1026.5,1025.5,0,0,12.7,15.9,0,1,0
1341,14-05-2012,Adelaide,9.5,16,1,4.6,0,SE,20,NNE,SE,2,7,79,57,1031,1029.9,0,0,13.2,15.6,0,0,0
1342,15-05-2012,Adelaide,6.9,17.3,0,1.8,0,W,20,E,W,6,11,62,53,1030.8,1027.5,0,0,13.7,16.7,0,0,0
1343,16-05-2012,Adelaide,4.6,19.2,0,1.4,0,NNW,24,NE,NNW,6,9,65,27,1026.4,1022.9,0,0,12.3,18.7,0,0,0
1344,17-05-2012,Adelaide,6.9,20.8,0,1.8,0,W,35,NE,NNW,11,20,47,31,1022.7,1019.5,0,0,14.2,19.8,0,0,0
1345,20-05-2012,Adelaide,8.7,17,0,0,0,ENE,20,0,SW,0,9,57,43,1028.9,1024.8,0,0,12.2,16.1,0,4.2,1
1346,21-05-2012,Adelaide,5.6,18.4,4.2,4,0,NW,31,NNE,NW,7,19,69,47,1024.2,1021.5,0,0,10.8,17,1,0,0
1347,22-05-2012,Adelaide,9.2,17.3,0,1.4,0,NW,43,N,NNW,11,15,74,75,1021.9,1018.8,0,0,12.1,16.5,0,0.6,0
1348,23-05-2012,Adelaide,12.1,20.1,0.6,1.2,0,NW,63,N,NW,17,20,51,65,1013,1011,0,0,14.9,15,0,19.6,1
1349,24-05-2012,Adelaide,8.1,12.3,19.6,2.2,0,SSE,46,SSE,SSW,24,11,81,81,1016.6,1015.4,0,0,8.5,11.2,1,12.4,1
1350,27-05-2012,Adelaide,9.6,17.1,0,0,0,SSE,31,0,SSE,0,11,68,45,1029.7,1029,0,0,13.4,17,0,7,1
1351,28-05-2012,Adelaide,9,15.7,7,3,0,SW,24,SSW,SSW,7,11,76,72,1033.8,1031.8,0,0,13.1,15.1,1,0,0
1352,29-05-2012,Adelaide,10.2,15.5,0,0.6,0,SE,30,SE,ESE,9,13,70,56,1035.6,1033.8,0,0,12.6,14.7,0,0,0
1353,30-05-2012,Adelaide,10.3,17.4,0,1,0,ENE,31,ENE,E,15,15,59,47,1035.4,1031.9,0,0,14.1,16.8,0,0,0
1354,31-05-2012,Adelaide,7.1,21.3,0,1.6,0,E,22,0,W,0,11,69,45,1030,1026.2,0,0,12.3,20.5,0,0,0
1355,01-06-2012,Adelaide,9.6,18.5,0,1.4,0,SSE,15,0,0,0,0,83,62,1027.2,1023.9,0,0,12.8,18.5,0,0.2,0
1356,02-06-2012,Adelaide,10,18.6,0.2,0,0,SSE,35,0,SSE,0,19,76,52,1024.6,1022.8,0,0,12.8,17.7,0,0,0
1357,03-06-2012,Adelaide,8.4,13.7,0,0,0,SSE,30,ESE,SW,9,15,70,76,1022.7,1018.2,0,0,10.6,12.3,0,18.2,1
1358,04-06-2012,Adelaide,7.1,13.7,18.2,4,0,SSE,43,WSW,S,9,20,87,78,1014.1,1013.2,0,0,9.7,13.2,1,3,1
1359,05-06-2012,Adelaide,9.7,15,3,0.2,0,SE,61,SSE,S,15,22,60,48,1019.9,1019.8,0,0,12.7,14.2,1,0,0
1360,06-06-2012,Adelaide,8.3,15.2,0,2.2,0,SSE,39,SE,ESE,11,13,58,45,1026.5,1024.9,0,0,11.8,13.4,0,0,0
1361,07-06-2012,Adelaide,5.5,14.1,0,2,0,SSE,30,WSW,ESE,2,9,70,48,1029.2,1028.1,0,0,9,13.4,0,0,0
1362,08-06-2012,Adelaide,3.3,14.1,0,1.6,0,SSE,20,0,E,0,11,71,47,1031.5,1029.8,0,0,9.5,13.5,0,0,0
1363,09-06-2012,Adelaide,2.4,12.7,0,0,0,SSE,26,ENE,SE,4,11,82,51,1031,1028,0,0,6.8,12.5,0,0,0
1364,10-06-2012,Adelaide,2.6,14.7,0,0,0,SE,22,N,SSW,4,9,71,47,1029.2,1025.6,0,0,7,13.7,0,0,0
1365,11-06-2012,Adelaide,2.5,15.4,0,0,0,NE,33,ENE,N,9,15,56,36,1024.1,1020.6,0,0,10.1,14.7,0,0,0
1366,12-06-2012,Adelaide,10.1,17.9,0,4.4,0,N,39,NNE,NNE,15,20,51,33,1017.2,1014.1,0,0,13.4,17.5,0,1.2,1
1367,13-06-2012,Adelaide,11.8,18.6,1.2,1.6,0,NNE,52,NE,NE,13,13,55,41,1014.9,1009.9,0,0,13.8,18.2,1,7.4,1
1368,14-06-2012,Adelaide,11.1,16,7.4,3.8,0,NW,56,NNW,NNW,22,26,84,63,1007.4,1008.2,0,0,12.3,14.7,1,0,0
1369,17-06-2012,Adelaide,9,14.6,0,0,0,NW,31,ENE,WNW,7,9,89,88,1025.5,1025.5,0,0,12.1,14,0,8.6,1
1370,18-06-2012,Adelaide,11.7,16.1,8.6,2.8,0,WSW,35,NW,NW,7,11,96,89,1027.2,1025.3,0,0,13.2,14.4,1,0.8,0
1371,19-06-2012,Adelaide,11,17.7,0.8,0.4,0,NNE,26,N,NW,11,17,96,57,1026.5,1021.8,0,0,11.6,16.4,0,0,0
1372,20-06-2012,Adelaide,10.2,18.3,0,1.2,0,N,59,N,N,24,22,56,47,1013.8,1009.2,0,0,12.4,16.2,0,35.6,1
1373,21-06-2012,Adelaide,10.5,11.5,35.6,2.4,0,WSW,44,NNE,SSE,11,7,96,93,1005,1002.2,0,0,10.6,9.6,1,27.6,1
1374,22-06-2012,Adelaide,6.1,10.8,27.6,0,0,SW,31,S,WSW,13,9,82,90,1014.7,1018.9,0,0,8.4,9.3,1,7.2,1
1375,23-06-2012,Adelaide,4.5,13.4,7.2,0,0,WNW,39,NE,WNW,11,20,87,70,1028.1,1027.8,0,0,7.6,13.1,1,1.6,1
1376,24-06-2012,Adelaide,7.6,16.1,1.6,0,0,WNW,30,NE,WNW,7,17,94,69,1033.3,1032.2,0,0,11,14.8,1,2.4,1
1377,25-06-2012,Adelaide,10.8,15.4,2.4,2.4,0,WSW,22,NNE,WSW,6,11,95,73,1033.7,1031.4,0,0,12.1,14.9,1,0.6,0
1378,26-06-2012,Adelaide,6.6,15,0.6,0.2,0,ENE,20,NE,W,7,13,97,69,1032.9,1030.5,0,0,10.5,14.7,0,0,0
1379,27-06-2012,Adelaide,4.5,14.9,0,1,0,N,24,N,NNE,7,9,66,43,1029.4,1024.5,0,0,9.1,14.5,0,0,0
1380,28-06-2012,Adelaide,8.6,16.1,0,1.6,0,0,0,NNE,N,11,28,56,45,0,1011.8,0,0,11.8,15.7,0,6.4,1
1381,29-06-2012,Adelaide,8.9,14.5,6.4,1.6,0,W,61,W,WSW,6,19,87,84,1008.3,1008.7,0,0,9.9,11.4,1,5.6,1
1382,30-06-2012,Adelaide,7.9,13.6,5.6,0,0,W,44,WSW,SW,11,19,78,55,1014.2,1014.7,0,0,10,12.8,1,1.4,1
1383,01-07-2012,Adelaide,3.9,12.6,1.4,0,0,SW,41,0,SW,0,17,94,69,1023,1023.8,0,0,7.6,11.8,1,1.4,1
1384,02-07-2012,Adelaide,6.6,13.2,1.4,3.2,0,SW,26,0,SW,0,11,83,62,1028.3,1027.2,0,0,9.7,12,1,0,0
1385,03-07-2012,Adelaide,4,14.4,0,0.6,0,N,22,0,NW,0,9,86,62,1029.3,1026.9,0,0,6.9,13.5,0,0.4,0
1386,04-07-2012,Adelaide,6.9,14,0.4,0.8,0,SE,26,0,WSW,0,7,95,74,1032.1,1031.4,0,0,9.5,13.5,0,0.4,0
1387,05-07-2012,Adelaide,7.3,15.2,0.4,0.6,0,SSE,35,ESE,ESE,9,11,60,43,1036.4,1034.4,0,0,11.4,13.8,0,0,0
1388,06-07-2012,Adelaide,2.3,14.8,0,2,0,NNW,24,0,NNW,0,13,69,38,1034.6,1030.6,0,0,7.7,14.4,0,0,0
1389,07-07-2012,Adelaide,5.4,16,0,0,0,N,35,NNE,NW,11,13,45,32,1028.9,1026,0,0,11.1,15,0,0,0
1390,08-07-2012,Adelaide,6,17.8,0,0,0,E,30,NNE,WNW,9,2,45,44,1023.1,1019.4,0,0,11.9,16.6,0,0,0
1391,09-07-2012,Adelaide,8.7,16.2,0,3.6,0,ENE,26,NE,N,13,13,68,59,1018.8,1015.9,0,0,14,16.2,0,2.4,1
1392,10-07-2012,Adelaide,10.7,16.3,2.4,0.8,0,WNW,31,NNE,WNW,7,17,92,60,1014.2,1012.2,0,0,11.2,15.3,1,0,0
1393,11-07-2012,Adelaide,9.7,16.1,0,1.2,0,NE,31,NNE,N,9,15,80,48,1015.1,1011.2,0,0,11.4,15.1,0,2.4,1
1394,12-07-2012,Adelaide,9.5,18.7,2.4,1,0,NE,28,ENE,NW,7,11,79,72,1006.4,1003.9,0,0,12.4,16.9,1,7.4,1
1395,13-07-2012,Adelaide,11.7,14.5,7.4,1.2,0,WNW,39,WSW,W,17,17,91,82,1010.4,1009.8,0,0,12.3,12.2,1,8,1
1396,14-07-2012,Adelaide,8.1,13.2,8,0,0,WSW,44,WSW,WSW,22,20,75,52,1013.1,1015.4,0,0,10.9,12.9,1,0.6,0
1397,15-07-2012,Adelaide,8,15,0.6,0,0,NW,41,N,NW,13,22,88,74,1023,1022.8,0,0,9.4,14.7,0,0,0
1398,16-07-2012,Adelaide,9.4,16.9,0,3,0,NNW,44,NNE,NW,11,26,74,46,1027.2,1023.8,0,0,11.4,16.3,0,0,0
1399,17-07-2012,Adelaide,8.5,16.7,0,2,0,N,44,N,NNW,15,19,60,44,1021.6,1018.6,0,0,10.9,16.5,0,2,1
1400,18-07-2012,Adelaide,8.1,13.1,2,1.6,0,W,46,0,WSW,0,20,83,41,1023.2,1023,0,0,9.8,12.7,1,1.2,1
1401,19-07-2012,Adelaide,6,14.8,1.2,1.8,0,NW,31,NNE,NW,9,17,83,62,1026.2,1025,0,0,8.3,14.4,1,1.6,1
1402,20-07-2012,Adelaide,8.3,15.9,1.6,1.2,0,NNW,17,NE,N,9,4,90,71,1030.5,1030,0,0,11.1,15.2,1,0.8,0
1403,21-07-2012,Adelaide,8.5,17.1,0.8,0,0,SW,22,SSE,SW,6,13,96,68,1035.4,1033.7,0,0,10.3,15.9,0,0,0
1404,22-07-2012,Adelaide,6,16.1,0,0,0,WSW,19,0,S,0,7,91,73,1033.9,1030.8,0,0,10,13.8,0,0,0
1405,23-07-2012,Adelaide,7.9,17.3,0,3.2,0,N,30,NNE,NNE,9,11,64,39,1029.2,1024.3,0,0,12.8,17,0,0,0
1406,24-07-2012,Adelaide,10.1,19,0,2.2,0,NE,31,NNE,N,11,17,45,36,1022.6,1017.7,0,0,13.5,18.5,0,0.2,0
1407,25-07-2012,Adelaide,11.2,14.5,0.2,2,0,NW,57,NNW,NW,15,28,71,59,1012.2,1010.5,0,0,11.3,13.2,0,3.4,1
1408,26-07-2012,Adelaide,10,14.6,3.4,1.6,0,W,46,W,WSW,19,22,72,51,1012.7,1012.6,0,0,12,14.2,1,30.8,1
1409,27-07-2012,Adelaide,9.8,13.8,30.8,2.6,0,SW,41,SW,SW,15,20,91,44,1021,1021.2,0,0,10.9,13.3,1,1.2,1
1410,28-07-2012,Adelaide,8.5,15.4,1.2,0,0,SSW,30,0,SW,0,15,94,71,1027.1,1026.4,0,0,11.4,14.6,1,0.2,0
1411,29-07-2012,Adelaide,8.9,13.6,0.2,0,0,SSW,28,SW,SSW,6,11,77,83,1032.3,1031.2,0,0,10.8,11.6,0,0.4,0
1412,30-07-2012,Adelaide,5,14.5,0.4,3.2,0,SSE,28,S,SE,4,13,80,47,1035.3,1032.7,0,0,9.7,13.4,0,0,0
1413,31-07-2012,Adelaide,7.7,13.8,0,1.4,0,SE,24,SE,SE,7,15,68,57,1033.1,1029.1,0,0,10.4,12.2,0,0,0
1414,01-08-2012,Adelaide,2.2,15.5,0,1.6,0,N,26,N,NNW,7,13,71,44,1027.8,1022.6,0,0,8.4,15.1,0,0,0
1415,02-08-2012,Adelaide,8.4,17.6,0,1.8,0,N,43,N,NNW,13,17,48,42,1019.6,1015.4,0,0,11.9,15,0,0,0
1416,03-08-2012,Adelaide,8,16.5,0,1.4,0,NNW,44,N,NW,13,24,99,54,1018.6,1016.2,0,0,9.1,16.2,0,0.2,0
1417,04-08-2012,Adelaide,8.8,16.9,0.2,0,0,NNW,37,NNE,NNW,11,20,96,60,1018.9,1014.3,0,0,10.5,16.8,0,1.4,1
1418,05-08-2012,Adelaide,10.4,16.4,1.4,0,0,SW,56,WNW,W,17,24,87,68,1015.8,1016.3,0,0,13,15,1,3.4,1
1419,06-08-2012,Adelaide,6.7,16,3.4,4.2,0,WSW,31,ENE,WNW,4,13,79,48,1024.3,1023.6,0,0,11.1,15.3,1,0,0
1420,07-08-2012,Adelaide,6.9,20.2,0,1.4,0,N,44,NE,N,11,24,54,31,1021.4,1016.8,0,0,12,20,0,0,0
1421,08-08-2012,Adelaide,11.5,15.7,0,4,0,SW,41,NE,NW,9,19,51,76,1016.6,1016.6,0,0,13.4,15.4,0,5.4,1
1422,09-08-2012,Adelaide,7,15,5.4,0.8,0,SW,44,SSW,WSW,4,22,75,61,1027.8,1028.2,0,0,11.3,14.3,1,0.4,0
1423,10-08-2012,Adelaide,5.4,14.6,0.4,1.6,0,SSW,33,NNW,SSE,6,17,72,52,1033.9,1032.7,0,0,10.5,13.9,0,0,0
1424,12-08-2012,Adelaide,4.7,14.8,0,0,0,SSE,20,0,SE,0,7,77,50,1032.3,1027.4,0,0,9.8,13.6,0,0,0
1425,13-08-2012,Adelaide,5.4,17.2,0,3.2,0,NNW,41,NNE,N,15,20,49,42,1022.9,1018.7,0,0,12.9,15.8,0,2.4,1
1426,14-08-2012,Adelaide,10.4,15.7,2.4,2,0,W,33,WNW,WSW,13,13,80,51,1018.9,1018.6,0,0,13.3,15.5,1,0,0
1427,15-08-2012,Adelaide,8.3,14.8,0,1.8,0,NW,44,N,WNW,13,15,81,71,1017.9,1016.1,0,0,10.7,13.8,0,8.4,1
1428,16-08-2012,Adelaide,8.9,15,8.4,1.2,0,WNW,61,NW,NW,19,22,85,89,1012.9,1005.5,0,0,11.7,11.8,1,17.6,1
1429,17-08-2012,Adelaide,7.8,13.2,17.6,0.8,0,SW,61,SW,SW,20,28,76,47,1012.5,1014.7,0,0,8.3,12.5,1,2.6,1
1430,18-08-2012,Adelaide,6,14,2.6,0,0,WSW,31,SSW,WSW,9,15,70,80,1023.5,1023,0,0,10.7,12.9,1,0.6,0
1431,19-08-2012,Adelaide,7.7,16,0.6,0,0,NW,26,NNE,NNW,6,11,93,51,1026.6,1023.2,0,0,9.8,15.7,0,0,0
1432,20-08-2012,Adelaide,6.5,17.8,0,2.2,0,N,46,N,N,13,28,56,41,1018.6,1013.7,0,0,13.2,17.2,0,0,0
1433,21-08-2012,Adelaide,11.1,15.2,0,3.4,0,NE,50,NNW,NW,9,19,81,51,1010.6,1008.7,0,0,12,14.7,0,0,0
1434,22-08-2012,Adelaide,7.1,21.1,0,1.2,0,NW,54,NNE,N,13,22,50,41,1002.8,996.7,0,0,14,21,0,6,1
1435,23-08-2012,Adelaide,8.1,12.4,6,1.8,0,WNW,74,NW,W,26,37,74,78,1002.6,1005.6,0,0,10.7,7.4,1,10.4,1
1436,24-08-2012,Adelaide,6.7,13.3,10.4,1.8,0,W,48,W,WSW,19,24,69,58,1016,1017.8,0,0,11.6,12.9,1,1.8,1
1437,25-08-2012,Adelaide,7.5,15.3,1.8,0,0,WNW,41,N,W,9,19,85,93,1022,1020.6,0,0,11.4,12.2,1,3.2,1
1438,26-08-2012,Adelaide,8.8,14.6,3.2,0,0,WSW,28,S,W,2,19,63,47,1025.6,1024,0,0,11.1,13.5,1,0,0
1439,27-08-2012,Adelaide,5,18.6,0,5,0,NW,39,N,NW,11,19,51,39,1022,1019.1,0,0,13.1,17.1,0,0,0
1440,28-08-2012,Adelaide,11,18.9,0,1.6,0,N,41,NNE,NNE,13,15,32,40,1016.7,1008.7,0,0,16.1,18.4,0,0.4,0
1441,29-08-2012,Adelaide,8.2,17.4,0.4,2.2,0,NW,57,N,WSW,11,22,92,69,1011.1,1010.4,0,0,11,14.3,0,3.8,1
1442,30-08-2012,Adelaide,8.8,14.4,3.8,2.2,0,WSW,50,SW,SW,20,19,57,48,1020.4,1022.6,0,0,11.5,13.8,1,0,0
1443,31-08-2012,Adelaide,8.6,14.1,0,1.8,0,SW,31,SW,WSW,9,15,70,67,1027.8,1026.7,0,0,12.2,13,0,0.2,0
1444,01-09-2012,Adelaide,5.3,19.3,0.2,0,0,N,30,NE,N,11,13,63,43,1027,1022.7,0,0,12.4,18.1,0,0,0
1445,02-09-2012,Adelaide,10.8,22.3,0,0,0,NW,31,NNE,WNW,11,19,31,24,1022.3,1019.8,0,0,17.5,22.3,0,0,0
1446,03-09-2012,Adelaide,7.7,22.9,0,7,0,SE,56,N,NNW,13,17,27,22,1021.1,1018.2,0,0,17.5,22.1,0,0,0
1447,04-09-2012,Adelaide,11.6,27,0,3.4,0,N,57,NNE,N,20,31,18,12,1014.1,1007.4,0,0,21,26.7,0,4.2,1
1448,05-09-2012,Adelaide,11.7,17.9,4.2,8.2,0,NW,72,N,NW,20,39,81,48,1001.7,1000.7,0,0,12.5,16.1,1,0.8,0
1449,06-09-2012,Adelaide,11.5,17.2,0.8,3,0,W,63,NNW,WSW,17,24,76,95,1008,1006.2,0,0,13.5,10.9,0,7.4,1
1450,07-09-2012,Adelaide,7.5,15.2,7.4,2.2,0,SW,76,WSW,W,26,26,57,58,1016.7,1020.2,0,0,12.1,14.5,1,0.2,0
1451,08-09-2012,Adelaide,10.8,15.5,0.2,0,0,SW,43,W,WSW,17,17,73,57,1026.3,1026.2,0,0,13.4,15.2,0,0,0
1452,09-09-2012,Adelaide,8.8,17.8,0,0,0,SW,22,SSW,SW,2,15,62,51,1029.7,1025.4,0,0,12.2,16.3,0,0,0
1453,10-09-2012,Adelaide,5.6,22.3,0,7.8,0,W,28,N,W,13,13,50,31,1023.9,1020.9,0,0,14.2,21.1,0,0,0
1454,11-09-2012,Adelaide,6.3,25.2,0,3,0,N,30,NNE,NW,11,15,44,23,1023.1,1018.3,0,0,16.7,24.9,0,0,0
1455,12-09-2012,Adelaide,11.4,19.7,0,4.4,0,WSW,39,NNE,WSW,11,13,25,94,1016.4,1016,0,0,17.8,14.2,0,2.2,1
1456,13-09-2012,Adelaide,9.7,16,2.2,1.4,0,WSW,43,SW,WSW,22,22,52,46,1022.7,1022.5,0,0,12.8,14.7,1,0,0
1457,14-09-2012,Adelaide,11.6,14.7,0,2.8,0,WNW,28,SSW,SW,11,11,61,65,1025.4,1024.2,0,0,13.5,14.2,0,0,0
1458,15-09-2012,Adelaide,11.7,18.3,0,0,0,N,28,N,WSW,13,17,58,54,1026.4,1022.7,0,0,13.5,17.1,0,0,0
1459,16-09-2012,Adelaide,8.2,17,0,0,0,W,33,W,WSW,7,20,72,59,1023.4,1021.4,0,0,13.9,15.9,0,0.2,0
1460,17-09-2012,Adelaide,11.3,15.5,0.2,6.6,0,SW,22,N,SW,11,6,73,57,1021,1017.6,0,0,12.5,14.3,0,0,0
1461,18-09-2012,Adelaide,5.6,18,0,1.2,0,SW,30,WNW,WSW,7,19,67,62,1017.8,1015.9,0,0,13.5,16.1,0,0.2,0
1462,19-09-2012,Adelaide,11.8,22.3,0.2,2.8,0,E,44,NE,ENE,15,13,60,41,1014.3,1008.4,0,0,14.2,21.8,0,0,0
1463,20-09-2012,Adelaide,12.4,21.2,0,4.2,0,W,48,NW,WSW,17,22,60,70,1008.8,1010.8,0,0,17.5,17.8,0,0,0
1464,21-09-2012,Adelaide,11.7,20.9,0,3,0,SW,24,SSW,W,7,17,67,49,1020.1,1018.6,0,0,15.7,20.2,0,0,0
1465,22-09-2012,Adelaide,11.7,27.2,0,0,0,NW,46,NE,N,22,22,32,21,1014.1,1007.6,0,0,20.7,24.1,0,0,0
1466,23-09-2012,Adelaide,12,17.1,0,0,0,WSW,56,W,WSW,24,24,55,46,1014.9,1015.1,0,0,14.4,16.3,0,1,0
1467,24-09-2012,Adelaide,7.5,16.3,1,13,0,WSW,31,S,W,11,17,56,43,1022.4,1020.5,0,0,12.4,15.6,0,0,0
1468,25-09-2012,Adelaide,6.4,22.6,0,3.8,0,N,37,NE,NNW,19,13,38,20,1019.8,1014.4,0,0,15.9,21.6,0,0,0
1469,26-09-2012,Adelaide,13.4,28.2,0,5,0,N,52,NNE,NNW,19,24,18,11,1009.8,1006.1,0,0,20.9,28,0,0,0
1470,27-09-2012,Adelaide,10.9,28.2,0,5,0,W,26,NNE,WSW,7,7,39,28,1007.3,1002,0,0,21.3,26,0,1.2,1
1471,28-09-2012,Adelaide,14.1,17.5,1.2,6.8,0,W,61,NW,WNW,22,28,72,55,1003.5,1004.3,0,0,15,16.6,1,3.2,1
1472,29-09-2012,Adelaide,7.6,15,3.2,0,0,W,56,SSW,W,17,20,43,44,1017.5,1019.5,0,0,11.9,12.8,1,1,0
1473,30-09-2012,Adelaide,8.6,15.9,1,7.4,0,SSW,35,SSW,SSW,13,7,61,79,1027,1027.1,0,0,12.9,13.5,0,0.8,0
1474,01-10-2012,Adelaide,5.7,18.3,0.8,0,0,SW,31,WNW,W,7,20,63,52,1033.9,1031.3,0,0,14,17.7,0,0,0
1475,02-10-2012,Adelaide,5.8,23.2,0,4,0,W,24,NNW,WSW,6,13,67,25,1033.5,1028.5,0,0,12.7,22.6,0,0,0
1476,03-10-2012,Adelaide,9.7,28.3,0,3.4,0,N,37,N,NW,17,17,25,15,1024.3,1018.9,0,0,23.1,28,0,0,0
1477,04-10-2012,Adelaide,14.5,29.5,0,6.6,0,NW,39,N,W,19,17,15,12,1016.2,1013.3,0,0,24.3,28.7,0,0,0
1478,05-10-2012,Adelaide,11.5,19.8,0,4.8,0,WSW,28,WNW,SW,7,13,57,60,1020.2,1018,0,0,16.5,18.1,0,0.6,0
1479,07-10-2012,Adelaide,6.8,18.4,0,0,0,WNW,31,SE,WSW,11,17,49,43,1023.8,1020.2,0,0,13.8,18,0,0.2,0
1480,08-10-2012,Adelaide,10.2,23.6,0.2,10,0,E,33,NNE,WSW,11,17,46,28,1016.7,1012.9,0,0,15.1,22.6,0,0,0
1481,09-10-2012,Adelaide,9.1,20.3,0,4,0,SW,41,S,SW,6,22,52,45,1017.3,1015,0,0,14.9,19.7,0,0,0
1482,10-10-2012,Adelaide,9.1,15.3,0,4.2,0,SSW,70,N,WSW,9,24,60,82,1016.2,1014.9,0,0,12.4,10.4,0,16.4,1
1483,11-10-2012,Adelaide,4.9,14.2,16.4,3.4,0,SSE,57,S,SSW,19,22,83,41,1018.8,1019.9,0,0,6.6,13.5,1,2,1
1484,12-10-2012,Adelaide,6.6,16.2,2,0.6,0,W,39,S,WSW,15,20,57,45,1027.3,1026.5,0,0,12.6,15.3,1,0,0
1485,13-10-2012,Adelaide,7.7,20.6,0,0,0,WSW,24,SE,SW,9,17,65,49,1027.2,1023.9,0,0,12.4,18.4,0,0,0
1486,14-10-2012,Adelaide,10.7,29.1,0,0,0,N,50,N,NW,15,22,25,13,1022.4,1018.4,0,0,20.6,28.7,0,0,0
1487,15-10-2012,Adelaide,16.2,27.6,0,15.2,0,N,37,N,W,9,15,60,24,1018.3,1016.7,0,0,18.6,26.7,0,0,0
1488,16-10-2012,Adelaide,14.4,20.6,0,5,0,WSW,46,NNW,SW,9,22,84,66,1016.8,1017,0,0,15.4,17.3,0,0,0
1489,17-10-2012,Adelaide,7.2,20.4,0,4,0,SW,31,NE,SW,7,17,56,47,1023.4,1020.4,0,0,14.1,18.7,0,0,0
1490,18-10-2012,Adelaide,13.2,27.6,0,4.8,0,N,33,NNE,NE,9,15,38,26,1017.3,1012.8,0,0,18.4,24.6,0,0,0
1491,19-10-2012,Adelaide,12,22.6,0,3.4,0,W,26,NNW,SW,9,11,52,51,1013.5,1014.4,0,0,18.4,20.7,0,0,0
1492,20-10-2012,Adelaide,9.8,24.4,0,0,0,W,33,NNE,SW,2,19,66,35,1017.2,1016.3,0,0,15.5,22.2,0,0,0
1493,21-10-2012,Adelaide,10.7,21.8,0,0,0,WSW,37,S,SSW,13,17,53,34,1023,1020.3,0,0,15,20.5,0,0,0
1494,22-10-2012,Adelaide,7.8,25.2,0,12.6,0,NE,39,ENE,NNE,17,13,51,19,1022.7,1019.3,0,0,14.7,24.1,0,0,0
1495,23-10-2012,Adelaide,14.6,31.2,0,8.8,0,NNE,48,NE,NNE,22,22,13,5,1017.6,1012.9,0,0,21.1,30.3,0,0,0
1496,24-10-2012,Adelaide,20.9,29.2,0,7.6,0,WNW,46,NE,N,6,15,24,26,1014.2,1008.6,0,0,23,28.1,0,0,0
1497,25-10-2012,Adelaide,12.9,17.9,0,4.8,0,W,54,SSW,WSW,17,22,71,50,1018,1019.8,0,0,14.7,16.9,0,0,0
1498,26-10-2012,Adelaide,9.9,18.8,0,4,0,W,50,SW,WSW,20,20,60,56,1020.4,1020.1,0,0,13.5,16.8,0,0,0
1499,27-10-2012,Adelaide,8.4,19.4,0,0,0,SW,39,S,SW,9,20,56,47,1025,1023.9,0,0,13.4,17.8,0,0,0
1500,28-10-2012,Adelaide,7.8,24.1,0,0,0,WSW,24,ENE,WSW,9,15,48,32,1024.8,1021.5,0,0,15.7,22.7,0,0,0
1501,29-10-2012,Adelaide,10.7,30.6,0,13.4,0,W,33,N,W,7,6,43,13,1018.8,1014.8,0,0,20.2,29.2,0,0,0
1502,30-10-2012,Adelaide,14,33.9,0,7.2,0,WNW,35,NNE,W,7,17,18,7,1013,1010.5,0,0,26.8,32.8,0,0,0
1503,31-10-2012,Adelaide,17.5,26.7,0,7.2,0,SW,35,NNE,WSW,9,13,20,39,1012.6,1011.7,0,0,24.1,24.7,0,0.6,0
1504,01-11-2012,Adelaide,12.9,17.9,0.6,4,0,SSW,44,SSW,SSE,20,24,67,47,1018.9,1020.5,0,0,13.9,16.8,0,0,0
1505,02-11-2012,Adelaide,10.8,21.6,0,3.8,0,N,39,WNW,SW,6,19,52,45,1021.8,1019.4,0,0,15.1,19.5,0,0,0
1506,03-11-2012,Adelaide,14.8,28,0,0,0,N,33,NNE,W,13,15,30,23,1015.3,1012.6,0,0,20.2,26.6,0,0,0
1507,04-11-2012,Adelaide,20.1,35,0,0,0,NNW,41,N,WNW,20,15,15,13,1010.4,1007.5,0,0,27.8,33.7,0,0.4,0
1508,05-11-2012,Adelaide,25.2,29.8,0.4,21,0,N,74,N,N,20,28,41,37,1006.1,1003.5,0,0,27.2,29.1,0,8,1
1509,06-11-2012,Adelaide,14.7,22.8,8,3.2,0,NW,31,W,WSW,17,15,64,46,1011.9,1011.6,0,0,17.7,21,1,0.2,0
1510,07-11-2012,Adelaide,12.8,23.3,0.2,5,0,WNW,44,NW,WNW,9,20,64,38,1012.5,1011.2,0,0,16.7,22.3,0,3.8,1
1511,08-11-2012,Adelaide,12.3,20.2,3.8,5.2,0,WSW,39,WSW,WSW,17,20,66,37,1016.5,1016.5,0,0,15.6,19.7,1,0.2,0
1512,09-11-2012,Adelaide,11.1,20.2,0.2,5.8,0,WSW,44,WSW,SW,22,22,43,43,1025,1023.6,0,0,15.9,19.7,0,0,0
1513,10-11-2012,Adelaide,8,26.7,0,0,0,ENE,24,ENE,W,13,11,44,24,1026,1021.9,0,0,15.9,24.6,0,0,0
1514,11-11-2012,Adelaide,15.8,33.7,0,0,0,N,46,NE,N,22,22,12,5,1019.3,1013.4,0,0,24.8,32.6,0,0,0
1515,12-11-2012,Adelaide,16.1,22.4,0,22.2,0,WSW,48,SW,WSW,19,24,60,39,1020.9,1021.4,0,0,17.4,21.3,0,0,0
1516,13-11-2012,Adelaide,10.6,22.8,0,6.6,0,SSE,31,SE,SW,9,19,46,35,1024.8,1021.2,0,0,16.4,21.3,0,0,0
1517,14-11-2012,Adelaide,12.1,26.9,0,5.8,0,SW,31,0,SW,0,17,44,23,1019.3,1015.9,0,0,18.5,25.9,0,0,0
1518,15-11-2012,Adelaide,14.8,23.3,0,7,0,SSE,44,SE,SW,7,7,35,32,1016.4,1014.1,0,0,17.6,22.8,0,0,0
1519,16-11-2012,Adelaide,12.5,22.7,0,3.8,0,ESE,43,SE,SSE,13,19,51,31,1018.2,1016.7,0,0,15.4,21.6,0,0,0
1520,17-11-2012,Adelaide,11.3,21.9,0,0,0,SW,33,W,WSW,4,17,53,43,1019.4,1016.4,0,0,15.6,21.3,0,0,0
1521,18-11-2012,Adelaide,10.2,23.8,0,0,0,W,39,S,WSW,9,19,57,40,1018.8,1017.6,0,0,16,20.5,0,0,0
1522,19-11-2012,Adelaide,10.5,30.9,0,13.6,0,E,41,NE,NW,17,11,34,13,1018,1015.5,0,0,20.8,29.9,0,0,0
1523,20-11-2012,Adelaide,20.3,36.5,0,9.4,0,N,57,NNE,NW,20,28,9,8,1013.2,1009.5,0,0,27.1,34.3,0,0,0
1524,21-11-2012,Adelaide,14.7,22.2,0,8.4,0,SW,46,S,SW,15,26,47,39,1019.1,1018.7,0,0,17.8,21.2,0,0,0
1525,22-11-2012,Adelaide,10.1,27.4,0,6.4,0,WSW,30,SSW,WSW,7,19,51,40,1021.4,1018.2,0,0,16.8,23.8,0,0,0
1526,23-11-2012,Adelaide,15.8,34,0,6.4,0,WSW,33,NE,WSW,13,15,28,11,1016,1012.5,0,0,24.8,32.6,0,0,0
1527,24-11-2012,Adelaide,19.5,33,0,0,0,WNW,33,N,W,9,17,22,28,1012.3,1011.7,0,0,27.5,32.9,0,0,0
1528,25-11-2012,Adelaide,14.4,32.4,0,0,0,SE,26,N,W,7,15,39,31,1016.2,1014,0,0,21.5,30.9,0,0,0
1529,26-11-2012,Adelaide,20.5,33.4,0,21.6,0,SE,54,ESE,ESE,7,15,51,29,1012.5,1009.3,0,0,23.6,32.4,0,0,0
1530,27-11-2012,Adelaide,19.7,31.9,0,8,0,SSE,35,SSE,SE,11,15,54,32,1011.8,1010.5,0,0,23.6,31.1,0,0,0
1531,28-11-2012,Adelaide,20.5,35.4,0,8.6,0,SE,44,WSW,W,2,15,49,31,1011.3,1008.9,0,0,26.1,32.8,0,0,0
1532,29-11-2012,Adelaide,20,38,0,7.8,0,NNW,57,N,WSW,13,11,20,27,1005.4,1005.8,0,0,34.7,33.4,0,4.2,1
1533,30-11-2012,Adelaide,20.2,32.1,4.2,5,0,N,31,NE,NW,7,13,63,47,1009.8,1007.6,0,0,22.1,30.7,1,0,0
1534,01-01-2013,Adelaide,14.4,30.8,0,0,13.9,W,37,SW,WSW,6,22,28,30,1016.4,1015.6,0,0,23.7,28.5,0,0,0
1535,02-01-2013,Adelaide,14.9,32.2,0,15.6,13.5,W,28,W,WSW,6,17,53,33,1017.6,1014.7,0,0,21,31.5,0,0,0
1536,03-01-2013,Adelaide,20.8,40.6,0,9.8,13.8,W,37,NE,W,17,13,14,11,1013.6,1009,0,0,29.9,39.2,0,0,0
1537,04-01-2013,Adelaide,24.3,45,0,11.4,13.2,NW,39,N,NW,17,22,7,5,1004.8,1002.8,0,0,37.3,44.3,0,0,0
1538,05-01-2013,Adelaide,20.4,32.2,0,0,13.1,SE,41,WNW,S,6,15,37,22,1013.3,1014.9,0,0,25.2,31.5,0,0,0
1539,06-01-2013,Adelaide,18.6,34.8,0,0,13.3,SE,46,NW,SSE,13,17,34,16,1020.2,1017.8,0,0,24.7,33.8,0,0,0
1540,07-01-2013,Adelaide,21.5,41.2,0,33.6,13.8,ESE,56,SSW,NW,11,7,20,14,1015.6,1011,0,0,29.2,38.8,0,0,0
1541,08-01-2013,Adelaide,20.9,29,0,9.6,12.9,SW,50,SW,SW,9,24,61,32,1009.3,1007.4,0,0,23.8,27.8,0,0,0
1542,09-01-2013,Adelaide,15.5,25.7,0,10.8,13.1,W,43,SSW,SW,20,17,41,28,1010.9,1008.9,0,0,18.1,24.2,0,0,0
1543,10-01-2013,Adelaide,13.6,33.9,0,5.8,13,WSW,33,NE,NNW,9,13,37,15,1009,1004,0,0,20.3,31.7,0,0,0
1544,11-01-2013,Adelaide,20.1,33.6,0,8,12.3,WSW,31,NNW,W,13,17,19,28,1003.6,1005.9,0,0,29,30.9,0,0,0
1545,12-01-2013,Adelaide,18.4,24.2,0,0,0.2,SSE,35,SE,S,11,19,59,48,1013.8,1014.8,0,0,19.5,23.4,0,1.4,1
1546,13-01-2013,Adelaide,15.8,22.1,1.4,0,3.2,SSE,35,SSE,SSW,11,11,82,66,1016.9,1018.2,0,0,15.8,18.4,1,7.8,1
1547,14-01-2013,Adelaide,12.3,24.9,7.8,15,8.2,ENE,26,SE,SE,9,13,54,36,1021.3,1018.8,0,0,15.6,23.1,1,0,0
1548,15-01-2013,Adelaide,12.4,30.4,0,4,13.2,SSW,35,SSW,SW,11,15,44,21,1016.3,1013.6,0,0,21.1,29.7,0,0,0
1549,16-01-2013,Adelaide,15.9,36.9,0,7.8,13,SSE,30,SSW,SW,9,15,40,18,1013.6,1010.8,0,0,24.3,34.3,0,0,0
1550,17-01-2013,Adelaide,20,43.1,0,8.6,13.4,NW,50,N,NW,7,24,29,7,1005.2,1002.1,0,0,29.6,42.1,0,0,0
1551,18-01-2013,Adelaide,21.2,26.8,0,11.6,11.4,WSW,46,WSW,WSW,24,26,71,41,1008.3,1009.9,0,0,21.9,25.5,0,0,0
1552,19-01-2013,Adelaide,16,25.6,0,0,10.2,S,41,ESE,SE,13,17,48,34,1017.5,1015.9,0,0,19.6,23.8,0,0,0
1553,20-01-2013,Adelaide,15.7,31.3,0,0,13.1,SW,33,SSE,W,9,17,44,22,1015.9,1012.5,0,0,20.8,30.1,0,0,0
1554,21-01-2013,Adelaide,15.8,30.4,0,23,13.2,W,31,0,WSW,0,17,48,36,1012.4,1010.2,0,0,22,29,0,0,0
1555,22-01-2013,Adelaide,14.1,29.1,0,7.6,13.1,SW,43,SE,WSW,4,24,59,40,1014.8,1013.5,0,0,19.4,27,0,0,0
1556,23-01-2013,Adelaide,15.5,30.6,0,7,13.2,ESE,35,ESE,SW,9,9,46,21,1017.9,1014,0,0,20.5,29.5,0,0,0
1557,24-01-2013,Adelaide,15.8,38.5,0,7.6,11.9,SW,35,NNW,WSW,6,17,38,13,1011,1006.3,0,0,23.9,35.5,0,0,0
1558,28-01-2013,Adelaide,16.2,23.1,0,0,6.4,SSE,48,SW,SSW,11,26,58,61,1013.5,1014.5,0,0,20,18.4,0,0,0
1559,29-01-2013,Adelaide,13,23.2,0,26.4,9.1,WSW,41,SSW,WSW,11,19,57,31,1018.2,1017.1,0,0,16.4,22.8,0,0,0
1560,30-01-2013,Adelaide,12.7,25.4,0,5.2,11.6,NW,31,N,W,11,19,52,39,1017.8,1015.6,0,0,17.6,24.5,0,2.4,1
1561,31-01-2013,Adelaide,15.2,22.4,2.4,5,4.9,SW,46,SSW,SW,13,24,96,46,1013.5,1014,0,0,15.5,19.9,1,0,0
1562,01-03-2013,Adelaide,13.7,26.9,0,6.2,11.7,SSE,48,ESE,SE,20,19,51,28,1022.1,1018.7,0,0,16.1,25.9,0,0,0
1563,02-03-2013,Adelaide,15.5,30.8,0,0,11.5,ESE,35,E,E,15,17,48,21,1020.4,1017.2,0,0,19,29.6,0,0,0
1564,03-03-2013,Adelaide,16.6,32.5,0,0,12,NE,33,NE,WSW,11,9,41,29,1017.2,1013.5,0,0,23,31,0,0,0
1565,04-03-2013,Adelaide,23,35,0,20,10.7,ENE,37,NE,NE,15,17,42,25,1014.9,1011.9,0,0,26.7,34.5,0,0,0
1566,05-03-2013,Adelaide,22.8,34.9,0,7.2,7.7,N,28,NE,SW,11,15,39,30,1013.8,1011.5,0,0,29.1,32.8,0,0,0
1567,06-03-2013,Adelaide,23.6,34.1,0,5.6,8.8,N,31,NE,WSW,13,13,48,47,1014.1,1011.9,0,0,27.7,30,0,0,0
1568,07-03-2013,Adelaide,24.6,36.5,0,5.4,4.3,N,43,N,S,7,7,53,29,1014.3,1012.2,0,0,27.2,35.5,0,0,0
1569,09-03-2013,Adelaide,24.8,33.7,0,0,3.7,SW,26,WNW,NNW,9,6,52,38,1013.8,1012.7,0,0,26.1,31.3,0,0.4,0
1570,10-03-2013,Adelaide,21.6,34.5,0.4,0,11.6,WSW,24,NNW,W,6,9,70,37,1015.3,1013.8,0,0,24.5,32.8,0,0,0
1571,11-03-2013,Adelaide,22,38.4,0,0,11.3,NW,30,0,WNW,0,13,63,23,1014.1,1012.1,0,0,26.3,37.7,0,0,0
1572,12-03-2013,Adelaide,26.1,38.2,0,24,11.3,WSW,50,NNE,NW,13,30,25,18,1011.6,1008,0,0,31.6,37.2,0,0,0
1573,13-03-2013,Adelaide,19.1,23.7,0,10.2,9.4,WSW,48,S,SW,22,22,52,38,1014.2,1014.9,0,0,19.8,22.7,0,0,0
1574,14-03-2013,Adelaide,17.1,24.6,0,6.2,9.2,WSW,43,S,WSW,13,20,47,43,1018.4,1017.1,0,0,18.7,22.6,0,0,0
1575,16-03-2013,Adelaide,17.4,23.8,0,0,9.7,SSE,46,S,S,9,19,63,57,1019.9,1020.5,0,0,19.1,20.7,0,0.2,0
1576,17-03-2013,Adelaide,13.3,21.9,0.2,0,0,SE,48,ESE,SSE,17,22,49,26,1027.6,1025.3,0,0,14.6,21.4,0,0,0
1577,18-03-2013,Adelaide,13.2,22.6,0,15.4,11,SE,44,E,WSW,15,15,47,34,1025,1022.2,0,0,15.2,21.7,0,0,0
1578,19-03-2013,Adelaide,14.8,28.9,0,4.6,11,ENE,33,ENE,NNE,17,13,44,19,1021.7,1018.8,0,0,19.3,26.9,0,0,0
1579,20-03-2013,Adelaide,18.5,32.9,0,6.2,8.8,N,52,NE,NNW,13,13,18,9,1016.2,1010.9,0,0,23.4,31.1,0,0.2,0
1580,21-03-2013,Adelaide,19,22.1,0.2,6.8,4.2,WSW,63,W,W,26,33,47,56,1007.1,1009.1,0,0,19,20.3,0,1.2,1
1581,22-03-2013,Adelaide,16.4,19.8,1.2,4.6,1.7,WNW,46,SW,NNW,13,19,64,59,1015.2,1015,0,0,16.6,19,1,2,1
1582,23-03-2013,Adelaide,14.6,25.1,2,0,8.7,WNW,35,NNE,WNW,7,22,86,47,1018.5,1016.4,0,0,15.3,23.6,1,0,0
1583,24-03-2013,Adelaide,15.3,26.2,0,0,8.6,WNW,43,N,WNW,9,20,78,47,1016.7,1016.6,0,0,17.5,25,0,0,0
1584,25-03-2013,Adelaide,15.7,25,0,8.4,1.9,N,24,N,NW,6,11,79,51,1019.2,1017.3,0,0,17.1,22.7,0,0,0
1585,26-03-2013,Adelaide,15.6,35.9,0,2.2,10.3,NW,48,NNE,NNW,11,24,47,13,1012.4,1007.7,0,0,23.6,35,0,0,0
1586,27-03-2013,Adelaide,23.6,26.7,0,9,0.2,NNW,44,WNW,SW,17,19,45,76,1007.6,1009.4,0,0,26.7,21.2,0,1.4,1
1587,28-03-2013,Adelaide,15.3,21.6,1.4,2.6,8.6,W,44,SSW,WSW,9,15,87,45,1020.6,1022.2,0,0,15.4,20.6,1,0.2,0
1588,30-03-2013,Adelaide,13.9,20.5,0,0,0,W,31,0,NNW,0,15,82,54,1018,1015.5,0,0,15.2,19.9,0,14,1
1589,31-03-2013,Adelaide,13,21,14,0,6,W,31,NNE,SW,6,17,89,70,1017.9,1018.1,0,0,15.2,19.6,1,2,1
1590,01-04-2013,Adelaide,15.2,21.7,2,0,1.3,W,35,S,WSW,6,15,75,56,1021.6,1020.6,0,0,16.5,19.9,1,0.4,0
1591,02-04-2013,Adelaide,15.8,22.1,0.4,10.8,2.7,W,31,S,SW,7,15,77,66,1022.1,1021.2,0,0,17.1,20.8,0,0.6,0
1592,03-04-2013,Adelaide,14.4,22,0.6,2.4,10,SE,39,E,ENE,9,19,61,33,1026.8,1024.4,0,0,15.1,20.8,0,0,0
1593,04-04-2013,Adelaide,13.3,23.1,0,4.8,11,ESE,39,ENE,WSW,19,11,51,37,1027.3,1025.4,0,0,14.7,22.1,0,0,0
1594,05-04-2013,Adelaide,10.3,26.9,0,3.6,10.9,SW,24,0,WSW,0,13,68,26,1026,1022.6,0,0,14.3,25.8,0,0,0
1595,06-04-2013,Adelaide,11.2,30.3,0,0,10.9,SW,28,ENE,WSW,7,17,56,20,1021.8,1018.3,0,0,15.5,29,0,0,0
1596,07-04-2013,Adelaide,14.1,29.4,0,0,9.8,SE,30,0,SSE,0,19,34,29,1021.8,1019.8,0,0,22.3,27.3,0,0,0
1597,08-04-2013,Adelaide,12.8,27,0,14,10.2,ESE,28,SE,S,13,15,53,31,1025.4,1022.6,0,0,19.1,26.5,0,0,0
1598,09-04-2013,Adelaide,12,26.7,0,3.2,10.7,W,30,NW,WSW,4,13,60,43,1025.7,1022,0,0,20,25.8,0,0,0
1599,10-04-2013,Adelaide,10.6,27.6,0,4,10.8,W,24,0,SW,0,17,41,26,1023.3,1020.5,0,0,20.2,26.3,0,0,0
1600,11-04-2013,Adelaide,14.4,30.2,0,4.2,10.4,SE,35,ESE,SW,11,7,32,16,1023.3,1020.5,0,0,24.2,30.1,0,0,0
1601,12-04-2013,Adelaide,19,32.1,0,5,8,NE,30,NNE,WNW,11,9,28,15,1020.7,1016.8,0,0,25.6,31.2,0,0,0
1602,13-04-2013,Adelaide,19.8,27.8,0,0,2.2,NNE,31,NE,NW,9,9,35,26,1014.8,1011.8,0,0,23.6,26.3,0,0,0
1603,14-04-2013,Adelaide,15.2,23.3,0,0,8.4,WSW,35,WNW,WSW,7,17,67,45,1013.1,1011.5,0,0,20.1,22.5,0,0,0
1604,15-04-2013,Adelaide,15.3,23.1,0,11,6.2,W,35,SSE,SSE,11,13,64,50,1015.5,1014.1,0,0,18,19.7,0,0,0
1605,16-04-2013,Adelaide,10.6,21.8,0,3.4,8.4,WSW,35,E,WSW,13,17,44,41,1019.2,1016.3,0,0,17.5,20.3,0,0,0
1606,17-04-2013,Adelaide,11.1,22.6,0,3,10.6,ESE,35,ESE,WSW,2,22,43,39,1018.7,1016.2,0,0,17.7,22,0,0,0
1607,18-04-2013,Adelaide,13.3,22.3,0,3.4,7.9,SSE,33,ENE,ESE,11,11,61,38,1022,1020.7,0,0,17.3,22,0,0,0
1608,20-04-2013,Adelaide,9.1,21.8,0,0,9.7,NNE,33,NE,ENE,17,9,38,22,1021.3,1015.9,0,0,14.4,20.4,0,7.8,1
1609,21-04-2013,Adelaide,10.9,17.4,7.8,0,1.3,W,50,N,NNW,17,20,94,96,1008.7,1003.4,0,0,11.2,15.1,1,13.4,1
1610,22-04-2013,Adelaide,10.8,21,13.4,8.4,6.1,WNW,52,NNE,NW,9,28,81,61,1010.9,1010.1,0,0,15.2,20.2,1,5.4,1
1611,23-04-2013,Adelaide,11.9,18.3,5.4,1.6,0.1,WSW,26,0,SW,0,11,70,44,1019.3,1018.8,0,0,15.2,18.1,1,0,0
1612,24-04-2013,Adelaide,11.8,20.9,0,1.2,6.5,WNW,33,N,WSW,11,19,76,65,1022.3,1021,0,0,15.4,19.4,0,1.6,1
1613,25-04-2013,Adelaide,13.2,21.9,1.6,0,7.4,WNW,37,NNW,WNW,9,20,88,58,1024.9,1023.3,0,0,16.1,21.4,1,0,0
1614,28-04-2013,Adelaide,16.6,21.8,0,0,8.1,W,24,S,WSW,6,13,72,56,1018.2,1017.6,0,0,18.5,21.5,0,2,1
1615,29-04-2013,Adelaide,15,18.8,2,8.6,0.8,ENE,31,0,NNW,0,9,90,63,1024.6,1024.2,0,0,15.9,18.5,1,0,0
1616,30-04-2013,Adelaide,13.3,20.3,0,1.2,3.9,N,28,SSE,WSW,6,11,70,69,1024.4,1022.2,0,0,17,19,0,0,0
1617,01-05-2013,Adelaide,8.4,20.4,0,1.2,8,SSE,35,SSW,SSE,6,15,75,40,1026,1024,0,0,13.8,19.7,0,0,0
1618,02-05-2013,Adelaide,8.8,21.2,0,2.8,9.9,NE,35,NE,N,22,19,45,22,1026.4,1021.9,0,0,14.1,20.8,0,0,0
1619,03-05-2013,Adelaide,14.1,25.5,0,4.4,3.6,N,35,NNE,NW,13,17,25,24,1018.8,1016.7,0,0,20.5,24.3,0,0.2,0
1620,05-05-2013,Adelaide,12.3,20.2,0,0,4.8,E,39,ENE,ENE,19,19,40,32,1024.7,1021,0,0,14.3,19.2,0,0.2,0
1621,06-05-2013,Adelaide,13.7,21.6,0.2,10,1.7,NE,30,SSE,N,4,13,56,38,1022.4,1017.9,0,0,15.1,20.7,0,0.4,0
1622,07-05-2013,Adelaide,10.8,27.3,0.4,1.4,9.9,NE,24,NE,NNW,9,7,44,30,1021,1018.8,0,0,20.5,26.6,0,0,0
1623,08-05-2013,Adelaide,16.3,31.1,0,2.8,9.7,NE,28,NE,WNW,9,9,22,16,1023,1020.1,0,0,24.5,30.2,0,0,0
1624,09-05-2013,Adelaide,19.6,29.8,0,4.2,6.8,N,48,NNE,N,19,15,35,24,1023.3,1021.4,0,0,25,28.9,0,0,0
1625,11-05-2013,Adelaide,20.6,25.2,0,0,0,NNE,37,NNE,NNW,15,17,29,28,1021.1,1017.2,0,0,22.9,24.7,0,8.6,1
1626,12-05-2013,Adelaide,15.4,20.2,8.6,0,5.6,W,52,NNW,NW,7,24,91,50,1018.1,1015.7,0,0,16.8,18.4,1,5.4,1
1627,13-05-2013,Adelaide,8.5,15.8,5.4,10.2,6.6,SW,43,S,WSW,7,15,91,56,1019.7,1018.3,0,0,10.4,14.9,1,16.2,1
1628,14-05-2013,Adelaide,10.4,16.1,16.2,0.6,5.5,WNW,37,ESE,WSW,7,17,94,65,1015.3,1014,0,0,12.3,15.3,1,4.6,1
1629,15-05-2013,Adelaide,12.3,18.2,4.6,0.8,5.3,SW,39,SW,SW,11,17,83,66,1013.9,1012.1,0,0,14.6,16.5,1,7,1
1630,16-05-2013,Adelaide,10.7,17.5,7,1.4,7.1,SW,35,NE,SW,6,19,88,54,1016.3,1015.9,0,0,13.1,16.9,1,0,0
1631,17-05-2013,Adelaide,7.8,17.3,0,1.8,7.1,S,28,NNE,SW,7,4,88,64,1021.4,1019.2,0,0,12.7,15.3,0,0.2,0
1632,19-05-2013,Adelaide,8,19.7,0,0,2.3,N,26,NE,NNW,11,11,65,45,1019.5,1016.1,0,0,14.2,19.6,0,0,0
1633,20-05-2013,Adelaide,13.9,21.8,0,2.8,6.7,N,26,NNE,W,11,13,56,34,1018.1,1015.1,0,0,15.6,21.2,0,0,0
1634,21-05-2013,Adelaide,13.5,19.5,0,2,2.1,N,37,NE,NNW,11,13,52,54,1014.4,1011.2,0,0,17.1,18.4,0,6.4,1
1635,22-05-2013,Adelaide,11.8,15.2,6.4,1.8,0.4,ESE,30,ENE,W,11,17,73,81,1008.1,1008.5,0,0,13.6,14.2,1,2.4,1
1636,23-05-2013,Adelaide,8.6,18.7,2.4,1.2,9.8,S,35,SSW,S,9,15,72,43,1021.9,1021.1,0,0,13.9,17.6,1,0,0
1637,25-05-2013,Adelaide,12,17.5,0,0,0,SW,20,NNW,WSW,2,11,73,63,1030.5,1029.1,0,0,13.9,16.8,0,0.6,0
1638,26-05-2013,Adelaide,11.5,18.5,0.6,0,6,SE,24,NNW,SSW,7,13,95,62,1032.3,1028.8,0,0,12.2,18,0,0,0
1639,27-05-2013,Adelaide,11.3,18,0,2.6,5.2,NE,31,NE,N,11,6,56,52,1029.8,1026.6,0,0,14.3,16.7,0,0,0
1640,28-05-2013,Adelaide,9.7,18.6,0,1.6,8.9,N,28,NE,N,11,15,57,38,1026.3,1022.5,0,0,14,17.8,0,0,0
1641,29-05-2013,Adelaide,10.7,22.1,0,1.8,4.6,N,33,NNE,NNW,11,17,50,35,1021.9,1018.8,0,0,16,21.9,0,0,0
1642,30-05-2013,Adelaide,14.2,23.3,0,1.8,5.3,NE,35,NE,N,15,15,57,44,1018.7,1015.8,0,0,18.4,22.9,0,2.6,1
1643,31-05-2013,Adelaide,15.6,17.3,2.6,2.8,0,ENE,31,NE,NE,15,13,83,94,1018.5,1016.9,0,0,17.1,16,1,38.8,1
1644,01-06-2013,Adelaide,14.6,16,38.8,0.4,0,SSE,43,NNW,S,20,13,96,86,1011,1010.6,0,0,14.9,15.1,1,6.8,1
1645,02-06-2013,Adelaide,10.8,16.5,6.8,0,2.4,S,39,W,SSE,4,13,78,58,1024.4,1025.1,0,0,13,15.9,1,0,0
1646,03-06-2013,Adelaide,8.5,17.1,0,5,5.7,SW,20,SSW,WNW,7,13,82,73,1029.3,1027.7,0,0,14.2,16.4,0,0,0
1647,04-06-2013,Adelaide,10.9,16.2,0,0.8,0.1,N,22,NE,N,6,11,77,60,1027.4,1024.1,0,0,13.7,15.6,0,0,0
1648,05-06-2013,Adelaide,11,15.1,0,1,0.5,N,31,ENE,NNW,9,13,66,68,1020.5,1016.7,0,0,12.5,13.7,0,0,0
1649,06-06-2013,Adelaide,12.1,18.4,0,1,3.4,N,44,N,NNW,13,24,84,66,1017,1015.3,0,0,13.2,16.9,0,4,1
1650,07-06-2013,Adelaide,10.4,16.1,4,1,6.3,NW,33,S,SW,7,11,75,51,1024.9,1025.5,0,0,13.4,15.7,1,0,0
1651,08-06-2013,Adelaide,7.2,18.1,0,0,3.8,NNW,26,NE,NW,7,13,77,50,1029.8,1026,0,0,11.3,17.8,0,0,0
1652,09-06-2013,Adelaide,10.7,17.8,0,0,3.8,N,28,0,NNW,0,13,75,46,1024.3,1019.8,0,0,12.5,17.6,0,0,0
1653,10-06-2013,Adelaide,11.1,20,0,0,7.1,NW,35,N,NNW,13,17,64,59,1018.3,1016.2,0,0,14.8,19.5,0,0,0
1654,11-06-2013,Adelaide,10.7,16.1,0,6,0,N,31,ENE,SSE,11,7,72,74,1013.8,1010.1,0,0,14.6,15.3,0,7.2,1
1655,12-06-2013,Adelaide,12.3,16,7.2,0.4,1.7,S,48,SSE,S,20,20,81,64,1009.8,1011.4,0,0,13.1,14.9,1,1,0
1656,13-06-2013,Adelaide,10.6,15.3,1,1.8,2.3,SSE,33,SSW,SSE,11,13,86,73,1015.9,1015.1,0,0,12.9,15.1,0,2.6,1
1657,16-06-2013,Adelaide,5.5,15.3,0,0,0,SSE,22,0,SSE,0,11,87,40,1023.8,1020.1,0,0,9.5,14.9,0,0.4,0
1658,17-06-2013,Adelaide,6.2,15.2,0.4,3,8,WSW,22,NE,W,6,13,84,57,1019.4,1016.8,0,0,9.6,15,0,0,0
1659,18-06-2013,Adelaide,4.7,15.8,0,1,8.9,WNW,19,NNW,SW,7,11,88,62,1021.3,1020.4,0,0,7.8,14.6,0,0,0
1660,19-06-2013,Adelaide,3.6,17,0,1,8,NNE,22,0,W,0,2,86,45,1026.2,1024,0,0,8.8,16.2,0,0,0
1661,20-06-2013,Adelaide,4.1,16.2,0,1,7.1,NNW,30,0,NNW,0,13,78,52,1023.3,1018.9,0,0,8.5,15.4,0,1.6,1
1662,21-06-2013,Adelaide,8.5,14.4,1.6,1.4,2.2,NNW,44,NNE,NNW,11,15,92,68,1014.7,1013.3,0,0,9.8,13.2,1,12.8,1
1663,22-06-2013,Adelaide,9.7,13.7,12.8,0,1.8,ENE,48,NE,ENE,17,22,88,63,1015.6,1015.3,0,0,10.1,13.5,1,1.2,1
1664,23-06-2013,Adelaide,10,15,1.2,0,4.2,ENE,59,ENE,ENE,17,22,62,55,1022.7,1021.3,0,0,12.6,14.3,1,0,0
1665,24-06-2013,Adelaide,10.3,17.2,0,4.4,7.7,ENE,31,NNE,NE,13,13,55,47,1024.7,1023.1,0,0,12.8,16.3,0,0,0
1666,25-06-2013,Adelaide,7.2,18.1,0,1.4,8,N,30,NE,NNW,4,15,73,44,1025.4,1022.3,0,0,10.8,17.2,0,0,0
1667,26-06-2013,Adelaide,5.3,18,0,1.4,8.9,N,31,NE,NNW,11,13,48,44,1022.3,1019.6,0,0,12.7,17.8,0,0,0
1668,27-06-2013,Adelaide,7.5,17.5,0,1.2,9,N,24,NE,NNW,11,13,60,56,1021.3,1020,0,0,12.5,16.8,0,0,0
1669,28-06-2013,Adelaide,7.4,16.7,0,1,7.7,W,24,0,WSW,0,13,87,58,1025.2,1024.5,0,0,12.3,15.8,0,0,0
1670,29-06-2013,Adelaide,4.1,16.3,0,0,8,W,26,0,W,0,17,85,63,1031.2,1030.4,0,0,8.5,15.7,0,0,0
1671,30-06-2013,Adelaide,8.5,17.8,0,2.4,3.1,WSW,31,NE,WSW,6,17,99,63,1032,1029.4,0,0,11.8,17.2,0,0,0
1672,01-07-2013,Adelaide,11.8,18.4,0,0.6,7,WNW,48,WNW,W,15,24,83,65,1028.7,1026.4,0,0,15.1,17.6,0,0,0
1673,02-07-2013,Adelaide,9.9,17.4,0,2,7.1,NW,35,N,NW,11,19,90,63,1027.4,1025,0,0,10.5,17.1,0,0,0
1674,03-07-2013,Adelaide,7.7,17.6,0,1.2,9.1,NW,44,N,NNW,15,22,80,39,1022.4,1017.1,0,0,12.7,17.1,0,0,0
1675,04-07-2013,Adelaide,11.4,15,0,2.8,0.8,WSW,59,N,NNW,20,26,58,82,1008.8,1005.2,0,0,12.5,12.3,0,8.6,1
1676,05-07-2013,Adelaide,7.9,14.9,8.6,1.2,6.6,W,59,W,NW,19,17,68,63,1016.2,1016.4,0,0,10.9,14,1,2.6,1
1677,06-07-2013,Adelaide,8.9,15.3,2.6,0,1.9,NNW,39,N,ENE,15,7,92,94,1021.2,1020.9,0,0,9.7,10.5,1,24,1
1678,07-07-2013,Adelaide,8.4,14,24,0,2.7,W,26,NNE,WNW,7,13,95,79,1026.8,1026.9,0,0,9.3,12.7,1,0.8,0
1679,08-07-2013,Adelaide,4.6,15.2,0.8,2.4,9,SW,22,0,WSW,0,11,90,50,1034.5,1033.4,0,0,8.4,14.7,0,0,0
1680,09-07-2013,Adelaide,4.1,15.7,0,1,6.2,N,30,NNE,N,7,17,79,41,1034.4,1030.4,0,0,8.5,15,0,0,0
1681,10-07-2013,Adelaide,4.8,16.1,0,1.8,9.3,N,24,NE,NNE,11,9,60,43,1029.5,1027.2,0,0,10.6,15.7,0,0,0
1682,11-07-2013,Adelaide,7.9,19.3,0,1.2,6.5,N,22,NNE,N,6,11,71,35,1029.1,1026,0,0,8.6,18.3,0,0,0
1683,12-07-2013,Adelaide,8.6,16.4,0,0.6,0,NE,31,NNE,ENE,2,9,67,88,1025.6,1022.2,0,0,14.3,15.5,0,19,1
1684,13-07-2013,Adelaide,13.8,18.9,19,0,0.3,NNW,37,NNE,N,15,15,76,75,1017,1015.3,0,0,16,17.3,1,1.6,1
1685,14-07-2013,Adelaide,13.7,18.1,1.6,0,4.1,WNW,43,N,NW,15,19,89,72,1015,1014.7,0,0,14.4,16.5,1,3.8,1
1686,15-07-2013,Adelaide,12.6,16.8,3.8,2.4,2.9,W,30,SW,SW,9,15,94,88,1021.3,1020.9,0,0,13.8,14.6,1,1.6,1
1687,16-07-2013,Adelaide,11.9,17.3,1.6,0.8,4.9,N,28,NNW,N,9,19,92,62,1023.4,1019.2,0,0,12.5,16.5,1,0,0
1688,17-07-2013,Adelaide,10.3,19.7,0,1.2,5,NNE,57,NNE,NE,15,22,60,48,1013.5,1007.2,0,0,15.1,19.3,0,14.2,1
1689,18-07-2013,Adelaide,11.3,15.4,14.2,2.2,1.2,NNW,76,NNE,N,22,35,63,66,1001.4,999.9,0,0,13.6,15.2,1,2,1
1690,19-07-2013,Adelaide,12.1,13.9,2,1.4,1.6,WNW,61,WNW,WSW,17,24,81,63,1008.6,1009.8,0,0,12.8,13.7,1,11.6,1
1691,20-07-2013,Adelaide,5.7,11.9,11.6,0,0,SW,65,SSE,SW,22,20,67,70,1012.5,1012.7,0,0,8.3,8.7,1,7.4,1
1692,21-07-2013,Adelaide,5.9,12.7,7.4,0,0,NW,44,NE,NW,9,24,89,60,1014.1,1012,0,0,8,11.6,1,13,1
1693,22-07-2013,Adelaide,7.9,12.9,13,4.4,0.8,SW,48,WSW,SSW,15,11,85,89,1018,1020.7,0,0,10.8,11.1,1,6,1
1694,23-07-2013,Adelaide,4.7,15.1,6,0.4,6,W,24,0,SSE,0,13,93,66,1030.9,1031,0,0,8.3,14,1,0.2,0
1695,24-07-2013,Adelaide,6.2,15.3,0.2,0.8,9.1,W,26,NNE,WNW,6,13,70,57,1034.5,1031.2,0,0,10.8,13.9,0,0,0
1696,25-07-2013,Adelaide,7.2,15.6,0,1.6,4.1,WNW,35,NE,NNW,9,17,73,55,1028.4,1025.1,0,0,9.5,14.9,0,0,0
1697,26-07-2013,Adelaide,8.2,18.2,0,0.8,9.6,N,24,NE,N,9,11,59,43,1026.7,1023,0,0,12.2,17.9,0,0,0
1698,27-07-2013,Adelaide,9.7,19.3,0,0,1.2,N,43,NE,NNE,19,17,32,42,1019.6,1015.5,0,0,14.4,16.8,0,0,0
1699,28-07-2013,Adelaide,14.3,20.8,0,0,7.3,NW,56,NE,NW,13,22,49,52,1011.1,1012.6,0,0,17.4,18.3,0,1,0
1700,29-07-2013,Adelaide,10.2,16.5,1,7.4,4.6,W,41,NW,WSW,9,17,95,67,1019.2,1019.4,0,0,12.4,15.5,0,1.8,1
1701,30-07-2013,Adelaide,10.9,14.2,1.8,1,1,W,24,S,W,7,13,59,51,1025.9,1023.9,0,0,12.4,13.4,1,0,0
1702,31-07-2013,Adelaide,10.5,14.8,0,2,3.7,WNW,22,E,W,6,13,63,52,1024.9,1022.1,0,0,11.6,13.8,0,0,0
1703,01-08-2013,Adelaide,4.1,18.5,0,1,9.2,NNW,35,NE,NNW,11,19,57,32,1020.9,1017.2,0,0,12.5,17.9,0,4.2,1
1704,02-08-2013,Adelaide,9.3,14.4,4.2,2,3.3,W,46,SW,WSW,26,26,91,71,1016.8,1017.5,0,0,10.7,13.6,1,2.4,1
1705,03-08-2013,Adelaide,8.8,14,2.4,0,0.2,NW,50,N,NW,17,19,90,96,1018,1014,0,0,10,13,1,6.4,1
1706,04-08-2013,Adelaide,6.4,16.1,6.4,0,4.1,WNW,35,NE,NW,9,20,94,62,1019.6,1017.6,0,0,10.6,14.9,1,0,0
1707,05-08-2013,Adelaide,10.6,20.6,0,2.6,6.7,N,61,NNE,NNW,15,28,75,54,1015,1009,0,0,13.8,19.1,0,1.4,1
1708,06-08-2013,Adelaide,13.2,15.5,1.4,1.6,1.1,NW,31,W,WSW,13,11,93,72,1013.4,1012.8,0,0,13.2,14.1,1,4.4,1
1709,07-08-2013,Adelaide,10.6,15.1,4.4,1,9,SW,48,SW,SW,20,24,73,49,1014.8,1016,0,0,13.1,14.8,1,0,0
1710,08-08-2013,Adelaide,4.2,16.9,0,2.4,5.4,N,31,NNE,NNE,6,15,64,41,1021.5,1016.3,0,0,10,16.5,0,0.8,0
1711,11-08-2013,Adelaide,7.5,20.3,0,0,8,NNW,39,NE,NNW,11,20,62,42,1014,1010.1,0,0,14,18.7,0,1.6,1
1712,12-08-2013,Adelaide,11.8,15.9,1.6,4.6,8.7,NW,46,WSW,NW,17,24,48,44,1012.6,1011.7,0,0,13.2,15.6,1,4.6,1
1713,13-08-2013,Adelaide,11.2,17.6,4.6,3,8.2,NW,46,N,NNW,15,24,93,60,1014.9,1011.5,0,0,12.3,16.8,1,5,1
1714,14-08-2013,Adelaide,11.4,14.8,5,2.2,6.7,SW,56,WNW,WSW,17,24,94,50,1010.8,1015.5,0,0,12,14.5,1,0.4,0
1715,15-08-2013,Adelaide,6.6,17.6,0.4,2.2,10.2,N,41,N,N,11,19,64,30,1023.4,1017.9,0,0,10.5,17,0,0,0
1716,16-08-2013,Adelaide,10,17.7,0,3.2,2.9,WSW,69,NNE,N,19,9,32,80,1003.9,999.4,0,0,15.1,12.9,0,9.8,1
1717,17-08-2013,Adelaide,8,16,9.8,0,4.8,NNW,56,N,NW,24,26,83,63,1010.9,1009.7,0,0,9.4,15.5,1,3.2,1
1718,18-08-2013,Adelaide,9,16,3.2,0,1.9,SW,59,NNW,W,17,26,91,88,1011,1011.7,0,0,11.9,12.4,1,9.2,1
1719,19-08-2013,Adelaide,7.4,13.1,9.2,4,9.4,SSW,52,SW,SSW,24,22,51,74,1019.7,1020.3,0,0,10.7,9.6,1,0.4,0
1720,20-08-2013,Adelaide,4.8,14.4,0.4,1.6,8.9,W,33,NNE,W,7,17,75,61,1023.6,1021.1,0,0,9.8,12.6,0,1.8,1
1721,21-08-2013,Adelaide,8,12.5,1.8,1.4,0.8,NW,43,N,NNW,15,19,93,92,1018.7,1014.4,0,0,9.2,11,1,9.8,1
1722,22-08-2013,Adelaide,9.1,14.5,9.8,1,1.9,WNW,41,WNW,WNW,17,20,90,92,1016.5,1015.7,0,0,11.5,12.5,1,9,1
1723,23-08-2013,Adelaide,11.3,15.1,9,0,0.6,SSW,37,W,WSW,19,19,95,83,1019.5,1020.8,0,0,12.4,13.5,1,3.8,1
1724,24-08-2013,Adelaide,11,15.7,3.8,0,1.4,NW,22,NE,NW,6,13,94,61,1026.4,1025,0,0,12.2,15.2,1,0,0
1725,25-08-2013,Adelaide,9.1,16.5,0,0,2.2,NNW,20,N,NNW,11,6,71,55,1026.2,1023.9,0,0,11.8,15.3,0,0,0
1726,26-08-2013,Adelaide,6.3,19.6,0,3.2,3.1,N,30,NE,N,9,7,66,51,1023.9,1020.9,0,0,13.8,18.8,0,0,0
1727,27-08-2013,Adelaide,9.3,24,0,2.6,6.9,N,39,NNE,N,13,19,40,28,1017,1012.4,0,0,18.4,22.9,0,0.2,0
1728,28-08-2013,Adelaide,10.4,21.6,0.2,1.6,9.9,NNE,54,N,W,13,13,70,57,1016.4,1012.9,0,0,15.6,19.3,0,3.2,1
1729,29-08-2013,Adelaide,14,17.5,3.2,3,1.6,NW,59,N,NNW,24,35,64,77,1003.3,1003.7,0,0,16.2,14.7,1,2.8,1
1730,30-08-2013,Adelaide,12,20.7,2.8,1,7.9,NW,37,NW,NW,17,20,83,41,1014.6,1013.1,0,0,14.5,20.1,1,0,0
1731,31-08-2013,Adelaide,9.9,25.8,0,2.6,10.6,NNW,37,NE,N,13,20,37,35,1016,1014.2,0,0,20.7,24.8,0,0,0
1732,01-09-2013,Adelaide,17.1,28.3,0,0,10.2,NW,43,NE,NNW,13,19,38,32,1020.2,1020.4,0,0,22.6,27.4,0,0,0
1733,02-09-2013,Adelaide,11.1,28,0,7.2,10.7,WNW,22,SSW,WSW,6,6,63,41,1028.8,1026,0,0,18.1,27.4,0,0,0
1734,03-09-2013,Adelaide,16,29.1,0,3.4,6.6,NNE,33,NNW,NNE,7,19,40,19,1027.2,1022.9,0,0,23.9,29,0,0,0
1735,04-09-2013,Adelaide,18.5,28.3,0,4.8,1.1,N,43,NNE,N,19,20,24,25,1020.5,1016.5,0,0,25,27.7,0,0.2,0
1736,05-09-2013,Adelaide,15.6,15.9,0.2,3.4,0,SW,24,SSW,0,9,0,85,84,1027,1026.2,0,0,15.8,15.1,0,1.8,1
1737,06-09-2013,Adelaide,12.7,15.5,1.8,0.6,0,WSW,20,NNW,SW,6,2,74,77,1027.9,1025.2,0,0,14.9,15.1,1,0,0
1738,07-09-2013,Adelaide,7.9,19.9,0,0,8.9,WSW,26,N,SW,2,13,62,56,1027.1,1025.2,0,0,14.7,17.8,0,0,0
1739,08-09-2013,Adelaide,13.9,25,0,0,4.7,NE,35,NE,NE,19,17,42,36,1022.6,1017.1,0,0,19.3,24.8,0,0,0
1740,09-09-2013,Adelaide,19.2,23.9,0,8.8,6.2,S,80,N,NW,24,26,23,48,1007.5,1007.8,0,0,22.2,20.8,0,0.8,0
1741,10-09-2013,Adelaide,11.5,15.7,0.8,3.2,1.9,SSW,39,SW,W,20,19,58,58,1014.3,1013.8,0,0,13.7,14.5,0,0.2,0
1742,11-09-2013,Adelaide,10.1,18.7,0.2,2.4,9.5,WNW,26,N,W,13,9,72,39,1016.5,1015.1,0,0,13.2,18.4,0,0,0
1743,12-09-2013,Adelaide,10.7,19.6,0,3,3.4,ENE,44,ENE,N,20,13,54,85,1013.7,1012.2,0,0,16,14.2,0,20.4,1
1744,14-09-2013,Adelaide,12.3,20,0,0,6.5,W,31,NNE,NW,9,13,84,52,1014.7,1012.7,0,0,13.9,19.4,0,1,0
1745,15-09-2013,Adelaide,10.2,26.1,1,0,8.8,NE,63,ENE,NE,26,31,52,34,1008.3,1001.3,0,0,18.2,25.2,0,2.4,1
1746,16-09-2013,Adelaide,13.2,18.5,2.4,9.8,2.9,WSW,50,N,WSW,20,22,93,72,999.3,1000,0,0,13.5,17.8,1,2.8,1
1747,17-09-2013,Adelaide,13,17.9,2.8,2,4.2,N,69,WSW,NW,19,15,71,53,1010.2,1006,0,0,14.6,16.6,1,5.2,1
1748,18-09-2013,Adelaide,11.5,16.9,5.2,2.2,10.3,WNW,56,W,WSW,24,31,61,55,1006.2,1008,0,0,15.1,15.6,1,0,0
1749,19-09-2013,Adelaide,9.6,18.5,0,3.6,5.5,WSW,54,N,NNW,19,22,66,42,1011.4,1006.3,0,0,13.3,17.6,0,4,1
1750,21-09-2013,Adelaide,9.7,25.4,0,0,9.2,WSW,50,NNE,N,13,17,48,37,1013.7,1009.7,0,0,19.9,24.2,0,0,0
1751,22-09-2013,Adelaide,10.7,24.8,0,0,10.5,N,30,NW,NW,9,11,66,50,1013.4,1008.9,0,0,16.9,22,0,0,0
1752,23-09-2013,Adelaide,14.9,28.1,0,9.8,7.6,NW,52,NE,WSW,19,22,18,57,999.8,1000,0,0,24.7,20.9,0,0,0
1753,24-09-2013,Adelaide,13,26.1,0,3.8,9.2,NW,46,N,NNW,11,26,61,32,1005.8,1003.1,0,0,17.7,25.4,0,0,0
1754,25-09-2013,Adelaide,15,21.8,0,4.2,4,WNW,56,N,WNW,11,15,74,47,1009.5,1005.9,0,0,17.6,20.8,0,3.4,1
1755,26-09-2013,Adelaide,10.7,18.5,3.4,4,10.2,WSW,81,WSW,W,24,15,46,40,1018.9,1018.1,0,0,14.3,17.1,1,0,0
1756,28-09-2013,Adelaide,12.9,19.4,0,0,6.6,WSW,43,SSW,WNW,13,13,84,60,1017.6,1017,0,0,14.4,18.3,0,0.4,0
1757,29-09-2013,Adelaide,9.3,28,0.4,0,9.4,N,43,NNE,NNW,13,22,44,18,1013.9,1007.6,0,0,18.3,27.6,0,0,0
1758,30-09-2013,Adelaide,17.7,27.1,0,11.6,0.2,NW,80,NNE,N,15,30,24,30,1001.8,996.7,0,0,23.3,25.8,0,5.8,1
1759,01-10-2013,Adelaide,9.7,16.3,5.8,2.4,6.3,W,57,W,W,17,17,79,47,1012.7,1014.2,0,0,12,15.2,1,0.4,0
1760,02-10-2013,Adelaide,9.9,17.4,0.4,2.6,3.2,W,67,NW,WSW,28,35,69,65,1011.9,1013,0,0,15.4,15.7,0,7.8,1
1761,03-10-2013,Adelaide,11,17.1,7.8,2.4,9.6,SSW,35,SSW,WSW,17,19,48,51,1025.4,1025,0,0,15.1,16,1,0,0
1762,04-10-2013,Adelaide,6.1,24.6,0,3,11.3,WNW,41,N,NW,20,20,45,18,1022,1016.6,0,0,16.9,24.6,0,0,0
1763,05-10-2013,Adelaide,15.5,25.5,0,0,10.2,NNW,50,N,WSW,19,13,21,35,1012.8,1010,0,0,20.6,23.4,0,0,0
1764,06-10-2013,Adelaide,13.7,19.4,0,0,9,W,35,WSW,SW,13,19,64,57,1013.4,1012.9,0,0,14.9,18.5,0,0,0
1765,07-10-2013,Adelaide,8.4,21.2,0,0,12.1,W,33,NNE,W,9,19,67,45,1016,1015.9,0,0,14.4,20.6,0,0,0
1766,08-10-2013,Adelaide,8.3,27.5,0,17.2,12.8,N,31,S,N,6,19,61,27,1019.3,1015.5,0,0,15.3,26.4,0,0,0
1767,09-10-2013,Adelaide,15.3,31.7,0,4.4,4.6,N,50,NNE,N,20,15,18,13,1010.1,1005.8,0,0,26,30.4,0,0,0
1768,10-10-2013,Adelaide,15.6,17,0,5.6,1,WSW,52,SW,SW,20,17,71,68,1011.3,1013.9,0,0,15.6,15.2,0,2,1
1769,12-10-2013,Adelaide,8.8,27,0,0,12,NNW,43,NNE,NNW,11,22,44,16,1011.7,1006.7,0,0,17.8,26.6,0,4,1
1770,13-10-2013,Adelaide,10.2,16.7,4,0,9,WSW,63,E,WSW,6,31,85,41,1011.1,1015.9,0,0,11.5,16.3,1,2,1
1771,14-10-2013,Adelaide,9.3,17.4,2,13.8,7,W,37,SSW,SW,7,19,74,39,1026.1,1025.4,0,0,11.8,16.4,1,0.2,0
1772,15-10-2013,Adelaide,5.4,23.6,0.2,3.4,11.6,NNW,39,NNE,NNW,7,24,57,23,1024.5,1018.9,0,0,12.8,22.5,0,0,0
1773,16-10-2013,Adelaide,12.5,30.8,0,5.2,9,NW,70,N,NNW,22,41,19,11,1008.9,1002.6,0,0,20.5,28.4,0,7.2,1
1774,17-10-2013,Adelaide,9.3,17.3,7.2,6.6,11.6,WSW,61,SW,SW,28,22,48,41,1016.9,1019.9,0,0,13,16.4,1,0,0
1775,20-10-2013,Adelaide,18.9,33,0,0,9.2,N,33,N,WSW,11,11,17,12,1011.8,1008.3,0,0,24.7,31.6,0,0,0
1776,21-10-2013,Adelaide,20,25.3,0,21,0.4,ESE,59,SSW,E,2,19,51,52,1013.3,1009.8,0,0,22.3,24.1,0,0.4,0
1777,22-10-2013,Adelaide,18.4,21.8,0.4,2.8,4,NNW,76,NNW,NNW,17,43,71,76,1007.5,1003.4,0,0,19.3,16.8,0,2.2,1
1778,23-10-2013,Adelaide,10.5,18,2.2,3.8,6.8,WSW,48,SSW,WSW,19,20,79,51,1019,1019.3,0,0,12.3,16,1,0.4,0
1779,24-10-2013,Adelaide,8.6,16.8,0.4,4.6,10.6,SSW,46,SSW,SW,15,22,48,41,1026.4,1026.7,0,0,12.3,16.4,0,0,0
1780,26-10-2013,Adelaide,7,22.8,0,0,0,W,26,ENE,W,7,19,58,19,1027.7,1024.5,0,0,14.1,22.5,0,0,0
1781,27-10-2013,Adelaide,14.1,25.2,0,0,3.8,ENE,46,ENE,NE,13,20,34,34,1020.9,1016.1,0,0,19.5,23.2,0,0,0
1782,28-10-2013,Adelaide,12.8,20.6,0,13.6,7.4,S,46,SW,WSW,24,26,72,53,1015.3,1015.3,0,0,16.3,20,0,0,0
1783,29-10-2013,Adelaide,11.7,19.3,0,4.4,7.1,SSW,35,S,SSE,15,17,58,43,1023.6,1022.7,0,0,13.8,18.3,0,0,0
1784,30-10-2013,Adelaide,12.7,20.4,0,4.6,10.5,WSW,44,S,SW,15,22,53,43,1025.6,1023.4,0,0,14.8,20.1,0,0,0
1785,31-10-2013,Adelaide,8,23,0,5.4,12.8,WSW,30,ENE,WSW,9,17,52,42,1025.6,1022.6,0,0,15.1,21.2,0,0,0
1786,01-11-2013,Adelaide,10.1,31.1,0,4.6,12.7,NNW,35,N,WNW,11,19,34,13,1020.9,1018.6,0,0,20.9,30.4,0,0,0
1787,02-11-2013,Adelaide,13.6,32.5,0,0,10,SW,35,ENE,SW,9,15,35,16,1017,1016.1,0,0,22.9,30.6,0,0,0
1788,03-11-2013,Adelaide,13,21.1,0,0,12.7,S,39,SSW,SSW,15,20,53,32,1025.8,1026.2,0,0,15.4,19.7,0,0,0
1789,04-11-2013,Adelaide,10,24.3,0,21,12.8,ESE,37,ENE,ESE,11,13,43,20,1030.3,1026.6,0,0,14.3,23.2,0,0,0
1790,05-11-2013,Adelaide,13.9,30,0,6.2,12.8,NE,31,NE,N,17,13,35,13,1024.6,1019.3,0,0,18.9,28.6,0,0,0
1791,06-11-2013,Adelaide,18.9,34.8,0,7.6,12,N,41,NNE,NW,15,19,13,8,1013.8,1010,0,0,26.8,34,0,0,0
1792,07-11-2013,Adelaide,19.9,24,0,7.6,3.5,SE,39,SSW,SSE,9,19,56,59,1011.5,1011.7,0,0,21,20,0,2.6,1
1793,08-11-2013,Adelaide,13.4,17.7,2.6,4.2,5.6,SW,39,SW,S,20,13,75,57,1013.6,1015.6,0,0,14.3,16.6,1,0,0
1794,09-11-2013,Adelaide,9.4,17.7,0,0,6.9,W,43,S,SW,15,20,42,50,1021.9,1021.2,0,0,13.7,15.9,0,0,0
1795,10-11-2013,Adelaide,9.3,19.5,0,0,12.6,SE,44,SE,SSE,13,20,50,34,1025.7,1023,0,0,13.5,18,0,0,0
1796,11-11-2013,Adelaide,10.4,20.9,0,12.6,13,SE,41,SE,S,11,19,53,42,1023.9,1020.2,0,0,14.2,20.1,0,0,0
1797,12-11-2013,Adelaide,10.6,21.8,0,4.6,11.4,SSE,43,S,S,20,19,55,52,1020.8,1018.6,0,0,16.3,20.8,0,0,0
1798,13-11-2013,Adelaide,13.3,21.8,0,6,12.1,W,41,SSE,WSW,11,24,56,49,1020.9,1019.1,0,0,17.1,21.4,0,0,0
1799,14-11-2013,Adelaide,8.4,21.9,0,7.8,8.1,SE,35,NE,SSW,9,19,53,56,1021.1,1019.4,0,0,15.3,20.7,0,0,0
1800,15-11-2013,Adelaide,12,23.5,0,4.8,10.9,SE,39,SE,SE,9,9,55,34,1020.7,1018.1,0,0,15,22.7,0,0,0
1801,16-11-2013,Adelaide,12.2,22.5,0,0,13.2,S,43,SE,SSE,11,22,50,37,1020.1,1017.6,0,0,16.7,22,0,0,0
1802,17-11-2013,Adelaide,10.7,26.1,0,0,13.3,SW,35,S,E,7,7,55,29,1019.1,1015.9,0,0,16.1,25,0,0,0
1803,18-11-2013,Adelaide,10.9,32.1,0,17.4,13.3,W,39,NW,WNW,7,24,52,10,1013.8,1009.7,0,0,21.4,31.9,0,0,0
1804,19-11-2013,Adelaide,15.2,33.4,0,5.2,10.5,SE,65,WSW,NW,11,7,34,15,1007.9,1005.3,0,0,23.9,31.1,0,0,0
1805,20-11-2013,Adelaide,14.4,20,0,8.2,5.6,S,46,S,S,19,19,63,47,1011.4,1012.3,0,0,14.9,19.2,0,0,0
1806,21-11-2013,Adelaide,11.7,19.3,0,5.6,10.1,S,35,S,SSE,17,20,46,37,1015.8,1013.9,0,0,14.6,17.5,0,0.2,0
1807,23-11-2013,Adelaide,10.1,20.3,0,0,6.4,SSE,44,SSE,S,17,26,65,49,1014.6,1013.6,0,0,15.6,19.3,0,0,0
1808,24-11-2013,Adelaide,12.9,23.6,0,0,9.2,SSE,35,ESE,SSE,15,11,53,33,1016.2,1012.3,0,0,15.1,22.5,0,0,0
1809,25-11-2013,Adelaide,11.9,29.7,0,16.8,13.3,E,28,NE,SW,6,17,38,21,1012.1,1009.3,0,0,20.8,28,0,0,0
1810,26-11-2013,Adelaide,19.8,35.9,0,8,9.7,W,30,NNE,S,11,9,18,13,1011.9,1009.2,0,0,25.9,33.6,0,0,0
1811,27-11-2013,Adelaide,25.9,37,0,7.2,12.3,NW,50,N,WSW,13,17,11,17,1010.6,1008.1,0,0,30.9,35.4,0,0,0
1812,28-11-2013,Adelaide,17.3,19.4,0,9,0.2,SW,39,SSW,SW,20,9,63,69,1011.1,1012.2,0,0,18.6,18.2,0,2.4,1
1813,29-11-2013,Adelaide,12.2,22.9,2.4,1.6,8.9,SSE,39,SSE,SSE,13,11,65,37,1018.7,1017,0,0,14.8,21.2,1,0,0
1814,01-12-2013,Adelaide,16.5,27.2,0,0,2.4,NE,50,N,0,9,0,15,57,1016.3,1015.2,0,0,24.9,23.7,0,1,0
1815,02-12-2013,Adelaide,16.3,31.2,1,11.4,13,WSW,28,NNW,W,4,15,41,32,1013.9,1012.2,0,0,23.2,28.9,0,0,0
1816,03-12-2013,Adelaide,16.3,28.8,0,6.6,6.1,ENE,48,SW,N,4,17,40,35,1010.8,1007.5,0,0,23.8,27.1,0,3.4,1
1817,04-12-2013,Adelaide,15.4,20.8,3.4,3.6,9.2,W,54,SW,WSW,22,22,59,37,1007.6,1007.5,0,0,16.2,18.8,1,4,1
1818,05-12-2013,Adelaide,8.5,18.5,4,5.4,11.2,SW,56,SSW,SW,26,24,42,41,1013.6,1015.4,0,0,14.9,17.3,1,2.6,1
1819,08-12-2013,Adelaide,20.4,31,0,0,2.2,WNW,39,N,SW,15,13,23,31,1009.3,1007.4,0,0,28.9,28.8,0,2,1
1820,09-12-2013,Adelaide,16.3,20.4,2,16.2,4.5,W,57,SW,WSW,13,28,90,46,1009,1009.1,0,0,16.4,18.6,1,1.4,1
1821,10-12-2013,Adelaide,14.3,20.7,1.4,4.4,4.5,WNW,46,SW,WSW,22,19,59,44,1013.7,1013.8,0,0,16.7,20.4,1,1.6,1
1822,11-12-2013,Adelaide,12.9,22.2,1.6,4.2,5.1,WSW,37,SW,W,19,20,67,51,1015.6,1015.1,0,0,16.5,22.1,1,0,0
1823,12-12-2013,Adelaide,13.8,22.6,0,4.4,8.8,WSW,33,W,SW,19,15,72,53,1016.6,1015.5,0,0,16.3,21.1,0,0,0
1824,13-12-2013,Adelaide,12.4,23.4,0,4.6,8.2,SSW,41,WNW,W,2,19,73,47,1017.7,1017.8,0,0,16.9,22.8,0,0,0
1825,14-12-2013,Adelaide,13.8,26,0,0,13.1,W,39,SSE,SW,15,20,52,41,1022.1,1019.5,0,0,17.4,23,0,0,0
1826,15-12-2013,Adelaide,10.9,27.1,0,0,13.3,SE,37,W,SW,6,19,49,31,1021.9,1019,0,0,17.7,25.6,0,0,0
1827,16-12-2013,Adelaide,11,30.4,0,19,12.9,WSW,31,S,SW,4,17,40,25,1020.6,1018.4,0,0,20.1,28.4,0,0,0
1828,17-12-2013,Adelaide,14.2,35,0,8,13.8,ESE,41,SSW,SW,7,17,34,22,1019.6,1016.6,0,0,23.9,31.7,0,0,0
1829,18-12-2013,Adelaide,23.8,41,0,11.2,11.8,ESE,43,ENE,SSW,13,7,10,8,1016.1,1013.6,0,0,32.7,39.2,0,0,0
1830,19-12-2013,Adelaide,21.7,43.4,0,10,11.9,NW,35,0,WNW,0,13,27,10,1012.3,1010.2,0,0,31.8,42.1,0,0,0
1831,21-12-2013,Adelaide,23.5,27.4,0,0,0,SE,72,NE,E,13,15,37,42,1012.1,1008.8,0,0,24.8,26.7,0,0.2,0
1832,22-12-2013,Adelaide,18.4,24.4,0.2,0,3.5,WSW,37,WNW,WSW,17,17,72,48,1012,1011.7,0,0,19.7,23.6,0,0,0
1833,23-12-2013,Adelaide,14.6,23.7,0,20,10.2,SW,41,S,SW,15,20,59,45,1016.8,1017.4,0,0,17.6,21.2,0,0,0
1834,24-12-2013,Adelaide,11,27.1,0,6.4,13.8,WSW,28,NNE,SW,11,15,49,32,1019.9,1016.6,0,0,17.6,26,0,0,0
1835,25-12-2013,Adelaide,15.1,33.2,0,0,13.6,WNW,39,NNE,NNW,13,17,24,16,1013.3,1010.5,0,0,24.7,31.6,0,0,0
1836,26-12-2013,Adelaide,17.2,29,0,0,12.5,SW,30,ENE,SSW,7,17,54,22,1013.8,1012.5,0,0,22,27.7,0,0,0
1837,27-12-2013,Adelaide,13.9,33.7,0,24.2,13.3,W,24,NW,WSW,4,11,35,22,1013.7,1008.6,0,0,20.4,31,0,0,0
1838,28-12-2013,Adelaide,20.3,28.1,0,0,13,WSW,54,SW,WSW,15,30,37,49,1004.2,1010.2,0,0,27.8,24,0,0,0
1839,29-12-2013,Adelaide,13.5,27.7,0,0,13.6,ESE,35,WSW,ENE,7,13,38,18,1018.9,1015.9,0,0,18.2,25.9,0,0,0
1840,30-12-2013,Adelaide,13.9,29.6,0,0,10.7,W,30,SW,WSW,2,20,31,21,1016.2,1014.2,0,0,21.9,28.2,0,0,0
1841,01-01-2014,Adelaide,22,33,0,0,0.5,WSW,43,ENE,SSW,4,24,29,50,1006.1,1007,0,0,29.8,29.7,0,4.2,1
1842,02-01-2014,Adelaide,16.9,22.7,4.2,13.8,0,SE,33,W,E,4,17,92,67,1008.4,1005.1,0,0,17.8,21.2,1,0.8,0
1843,03-01-2014,Adelaide,15.2,22.6,0.8,2,8.9,WSW,48,SW,SW,11,20,78,53,1009.5,1010.5,0,0,16.6,20.2,0,0.6,0
1844,05-01-2014,Adelaide,16,21.7,0,0,8.4,WSW,57,NW,WSW,22,26,50,76,1010.9,1011.9,0,0,19.1,18.4,0,2.8,1
1845,06-01-2014,Adelaide,12.5,22.5,2.8,16.2,11,WSW,43,S,SW,20,15,45,32,1022.5,1022.6,0,0,16.4,21.1,1,0,0
1846,07-01-2014,Adelaide,12.1,23.4,0,6.2,12.7,SE,46,SE,SSE,15,19,51,34,1026.3,1022,0,0,15.2,22.4,0,0,0
1847,08-01-2014,Adelaide,12.7,27.7,0,6.2,13.6,ESE,41,WSW,W,7,17,53,31,1020.8,1016.6,0,0,17.8,26.5,0,0,0
1848,09-01-2014,Adelaide,14.9,31.4,0,7,13.4,SSE,37,WNW,WSW,7,15,51,19,1015.8,1013.6,0,0,21.7,30.6,0,0,0
1849,10-01-2014,Adelaide,18.2,35.2,0,8,13,SSE,39,0,WSW,0,15,43,29,1015,1013.9,0,0,28.4,33.9,0,0,0
1850,11-01-2014,Adelaide,17.1,33,0,0,13.4,SE,41,W,SSW,4,15,39,18,1020,1017.9,0,0,23.9,31.1,0,0,0
1851,12-01-2014,Adelaide,16.6,35.5,0,0,13.6,SE,33,WNW,E,11,15,46,22,1020.3,1015.9,0,0,22.2,33.6,0,0,0
1852,13-01-2014,Adelaide,22.1,42.1,0,27.4,13.4,N,33,WSW,SW,6,15,42,9,1013.7,1009.6,0,0,28.7,41.1,0,0,0
1853,14-01-2014,Adelaide,25.3,45.1,0,10.2,7.4,N,48,NE,W,13,20,11,11,1009.5,1008,0,0,38.6,43.2,0,0,0
1854,15-01-2014,Adelaide,27.1,43.7,0,9.8,6.6,ESE,41,NE,W,17,11,21,12,1012.7,1011,0,0,34.9,42.3,0,0,0
1855,16-01-2014,Adelaide,29.9,44.2,0,11.4,13.3,ESE,50,NNE,W,11,17,16,10,1012.3,1008.3,0,0,37.4,44,0,0,0
1856,17-01-2014,Adelaide,28.3,42.7,0,12.2,11,SE,78,N,SW,17,20,12,15,1007,1005.1,0,0,36.1,41.1,0,1.6,1
1857,18-01-2014,Adelaide,21.4,30.8,1.6,0,12.6,SE,54,SSE,S,17,15,68,41,1013.3,1012.2,0,0,23.5,29.8,1,0,0
1858,19-01-2014,Adelaide,16.7,28.8,0,0,13.1,SSW,33,ESE,SSW,11,17,49,28,1014.2,1011.7,0,0,19.9,27.7,0,0,0
1859,20-01-2014,Adelaide,15.5,30.2,0,28.2,13.1,S,33,S,S,7,17,47,25,1013.1,1010.7,0,0,20.2,29.2,0,0,0
1860,21-01-2014,Adelaide,14.4,26.8,0,8,13.1,SSE,44,SE,SSE,17,19,52,28,1016.2,1014.7,0,0,18.7,26.2,0,0,0
1861,22-01-2014,Adelaide,15.4,28.9,0,7,9.6,SE,30,WNW,ENE,13,4,54,31,1019.4,1018.5,0,0,18.6,27.2,0,0,0
1862,23-01-2014,Adelaide,18.6,35.3,0,5.8,5.5,SSW,31,NE,WSW,11,17,26,15,1016,1012,0,0,25.6,33.3,0,0.2,0
1863,24-01-2014,Adelaide,20.1,27.3,0.2,6.8,9.1,WSW,44,SW,WSW,9,15,76,46,1013.2,1013.1,0,0,20.5,25.9,0,0,0
1864,25-01-2014,Adelaide,15,27.1,0,0,0,SE,35,ESE,SE,11,11,49,27,1021.6,1019.4,0,0,18.7,26.1,0,0,0
1865,26-01-2014,Adelaide,18.2,34,0,0,13.1,E,41,NE,ENE,20,15,28,11,1019.4,1015.9,0,0,23.7,32.6,0,0,0
1866,27-01-2014,Adelaide,17.6,39.1,0,0,13.1,SW,30,NNW,WSW,7,15,22,7,1015.1,1012.4,0,0,28.8,37.2,0,0,0
1867,28-01-2014,Adelaide,20.3,43,0,32.2,12.6,NNW,54,N,SW,19,22,15,15,1009.5,1008.6,0,0,33.7,38.1,0,0,0
1868,29-01-2014,Adelaide,18.8,31.3,0,12.2,12.5,SSE,35,SE,ESE,13,15,53,29,1016.2,1013.7,0,0,21.8,30,0,0,0
1869,30-01-2014,Adelaide,21.7,36.7,0,8,10.7,SW,35,ESE,WSW,2,13,33,23,1013.5,1011.6,0,0,27.1,35.7,0,0,0
1870,31-01-2014,Adelaide,20.9,37.6,0,7,12.8,WSW,30,S,WSW,4,15,49,28,1012.4,1010.4,0,0,25.7,36.2,0,0,0
1871,01-02-2014,Adelaide,22.7,43.4,0,0,0,ESE,43,SSW,WSW,9,17,35,12,1009.6,1006.6,0,0,28.8,41.6,0,0,0
1872,02-02-2014,Adelaide,28.7,44.7,0,0,11.3,ESE,46,NNE,WSW,11,19,16,8,1006.9,1004.8,0,0,36.5,43.9,0,0,0
1873,03-02-2014,Adelaide,23.6,28.3,0,34,9,SE,59,SE,SSE,22,31,57,54,1010,1014.2,0,0,23.8,23.5,0,0,0
1874,04-02-2014,Adelaide,14.9,28.3,0,8.8,12.7,SSW,70,N,ESE,11,17,39,18,1019.3,1016.9,0,0,17.8,27.4,0,0,0
1875,05-02-2014,Adelaide,17.8,34.3,0,8.2,12.8,SE,48,SW,WSW,11,15,37,17,1015.2,1012.5,0,0,24.3,33.6,0,0,0
1876,06-02-2014,Adelaide,16.1,33.5,0,8,12.7,SW,28,SSW,WSW,2,19,34,27,1012.6,1010.9,0,0,24.2,31.6,0,0,0
1877,07-02-2014,Adelaide,17.9,36.7,0,7.4,12.7,WSW,26,NNW,W,7,13,27,15,1011.5,1009.9,0,0,24.6,36.2,0,0,0
1878,08-02-2014,Adelaide,22.8,42.7,0,0,8.3,NW,61,NNE,NW,20,26,13,10,1007.7,1005.7,0,0,35.4,40.9,0,0,0
1879,09-02-2014,Adelaide,20.3,28.4,0,0,12.7,SW,48,SSW,WSW,26,26,63,38,1015.5,1016.3,0,0,20.4,25.7,0,0,0
1880,10-02-2014,Adelaide,14.6,33.8,0,27.2,12.9,SE,31,S,SW,11,11,41,21,1018.4,1014.5,0,0,19.7,31.5,0,0,0
1881,11-02-2014,Adelaide,19.5,42.5,0,8.2,12.2,SE,41,NNW,WSW,4,9,21,9,1012.3,1009.8,0,0,29,41.3,0,0,0
1882,12-02-2014,Adelaide,29,41.7,0,13.2,4.6,ESE,52,NE,WSW,13,11,6,10,1009.8,1008,0,0,35.5,41.1,0,0.8,0
1883,13-02-2014,Adelaide,24.7,26.6,0.8,9.6,0,E,37,E,NE,13,7,54,95,1009.1,1009.7,0,0,25.3,21.6,0,75.2,1
1884,14-02-2014,Adelaide,20.6,24.5,75.2,0,0,NE,26,NE,ENE,11,7,93,86,1003.2,998.8,0,0,22,23.2,1,17,1
1885,15-02-2014,Adelaide,21.3,26.9,17,0,4,SW,39,SW,SSW,11,19,81,63,998.9,1000.8,0,0,23.4,25.1,1,0,0
1886,16-02-2014,Adelaide,17,25.1,0,0,10.4,WSW,46,SSW,WSW,13,22,65,42,1013.2,1012.3,0,0,18.8,23.7,0,0,0
1887,17-02-2014,Adelaide,12.7,26.8,0,10.8,12.7,NW,26,NNW,W,6,11,66,31,1014.3,1011.6,0,0,17.2,26.1,0,0,0
1888,18-02-2014,Adelaide,17,24.9,0,5,10.7,WSW,33,SW,W,15,15,62,43,1011.4,1009.3,0,0,19.7,23.2,0,3.4,1
1889,19-02-2014,Adelaide,14.7,21.2,3.4,5,10.3,SSW,57,S,WSW,17,31,70,48,1007.7,1008.3,0,0,17,20.2,1,1.6,1
1890,20-02-2014,Adelaide,10.7,21.1,1.6,5.6,10.1,W,46,S,SW,11,22,56,40,1017.4,1018.7,0,0,16.6,19.2,1,0.2,0
1891,21-02-2014,Adelaide,13.2,21.5,0.2,4.2,3.3,SSE,35,SSE,S,15,20,48,35,1025.1,1024.6,0,0,16.5,19.7,0,0,0
1892,22-02-2014,Adelaide,13.5,23,0,0,9.6,SSE,39,SSE,S,9,19,63,41,1026.6,1023.9,0,0,15.7,22.4,0,0,0
1893,23-02-2014,Adelaide,13.6,26.7,0,0,12.4,ENE,33,0,W,0,17,63,44,1022.3,1019.2,0,0,18.1,25.6,0,0,0
1894,24-02-2014,Adelaide,13.1,30.1,0,13.8,12.4,W,28,SW,W,2,17,54,26,1018.4,1015.3,0,0,19.6,29.7,0,0,0
1895,25-02-2014,Adelaide,15.2,24,0,5.4,12.1,W,37,N,SW,9,20,70,54,1012.8,1012,0,0,19.8,21.9,0,0,0
1896,26-02-2014,Adelaide,15.4,23.8,0,5.4,7.6,SSE,41,S,S,7,15,71,42,1015.5,1016,0,0,18.4,21.7,0,0,0
1897,27-02-2014,Adelaide,13.5,24.2,0,4.8,12.2,SSE,50,ESE,E,9,11,50,35,1023.1,1020.7,0,0,17,23,0,0,0
1898,28-02-2014,Adelaide,14.6,25.5,0,5.8,12.2,SE,48,WNW,S,9,13,48,29,1022.5,1020.8,0,0,18.2,25.1,0,0,0
1899,01-03-2014,Adelaide,12.6,26.7,0,0,12,SE,41,SSW,SSE,6,9,63,32,1022,1019.7,0,0,17.7,25.7,0,0,0
1900,02-03-2014,Adelaide,15.4,30.4,0,0,12,SE,30,SW,W,4,15,64,34,1021.3,1019.5,0,0,19.8,29.9,0,0,0
1901,03-03-2014,Adelaide,16.1,32.1,0,17.2,11.8,W,26,S,WSW,4,17,52,23,1021.9,1019.2,0,0,22.5,31.4,0,0,0
1902,04-03-2014,Adelaide,19.7,35.4,0,6.6,11.8,SW,33,0,W,0,15,41,17,1018.7,1016.2,0,0,24.9,35,0,0,0
1903,05-03-2014,Adelaide,16.7,24.8,0,6.6,11.7,S,37,S,SSE,15,24,61,48,1019.3,1018.9,0,0,20.8,23.7,0,0,0
1904,06-03-2014,Adelaide,13.5,23.9,0,6.6,11.6,SSE,48,SE,E,9,11,48,35,1021.3,1019.3,0,0,16.5,22.8,0,0,0
1905,10-03-2014,Adelaide,20.3,35.2,0,0,1.4,NNW,28,NE,WNW,6,13,47,22,1017.3,1016,0,0,25.6,34.2,0,0.4,0
1906,11-03-2014,Adelaide,22.3,32.2,0.4,20.6,3.2,W,65,ESE,NE,9,9,53,78,1017,1017.2,0,0,25.6,22.8,0,2.2,1
1907,12-03-2014,Adelaide,15.1,24.1,2.2,2.8,10.7,W,39,SSE,WSW,13,19,59,42,1022.9,1021.3,0,0,18.6,23.4,1,0,0
1908,13-03-2014,Adelaide,12.2,25.6,0,5,9.8,WSW,26,0,SW,0,13,59,41,1020.8,1017.1,0,0,17.8,23.8,0,0,0
1909,14-03-2014,Adelaide,12.1,28.1,0,3.6,4.1,NNW,24,ENE,WNW,6,15,66,30,1014.1,1010.9,0,0,16.2,26.4,0,0.4,0
1910,15-03-2014,Adelaide,16.2,23.6,0.4,0,4.1,W,61,WSW,WSW,20,30,78,59,1006.1,1006.7,0,0,20.2,19.5,0,5.4,1
1911,16-03-2014,Adelaide,13.5,21.8,5.4,0,6.4,WNW,46,WSW,W,19,19,73,48,1011.2,1011.4,0,0,15.5,21.2,1,7.4,1
1912,17-03-2014,Adelaide,15.5,24,7.4,9,3.9,WNW,46,WNW,NW,11,20,85,75,1015.6,1016.3,0,0,18.6,21.9,1,1.4,1
1913,18-03-2014,Adelaide,17.1,24.9,1.4,2.2,7.6,WSW,31,ENE,WNW,6,15,85,50,1021.8,1021.8,0,0,18.2,24.5,1,0,0
1914,19-03-2014,Adelaide,13.3,25.4,0,3.6,11,WSW,26,E,WSW,7,13,67,45,1026.9,1024.3,0,0,17.7,24.5,0,0,0
1915,20-03-2014,Adelaide,14.2,32.6,0,4,10.9,W,30,NNE,W,7,19,52,24,1021.4,1017.8,0,0,19.8,31.9,0,0,0
1916,23-03-2014,Adelaide,13.3,20.4,0,0,2.8,SSW,37,S,SSE,9,17,61,51,1022.5,1022.3,0,0,14.8,18,0,1.2,1
1917,24-03-2014,Adelaide,10.5,22.2,1.2,12.8,6.1,SSE,37,N,S,6,15,91,39,1023.3,1021,0,0,13.4,21.6,1,0,0
1918,25-03-2014,Adelaide,13.2,20.2,0,2.8,2.3,SSE,31,S,SSE,9,15,64,51,1023.9,1021.3,0,0,15.3,19,0,0.6,0
1919,26-03-2014,Adelaide,13.5,28.3,0.6,1.6,8.5,ENE,31,W,WSW,7,13,71,54,1021.1,1017.7,0,0,18.1,25.3,0,0,0
1920,27-03-2014,Adelaide,15.8,29.2,0,3.4,9.7,WSW,28,NE,SW,6,13,65,39,1017.3,1013.9,0,0,19.9,27.7,0,0,0
1921,28-03-2014,Adelaide,15.9,27.5,0,3.8,8.6,W,24,0,WSW,0,13,77,55,1017.2,1015.6,0,0,18.6,25.1,0,0,0
1922,29-03-2014,Adelaide,17,27.6,0,0,10.2,WSW,30,0,W,0,15,76,46,1017.2,1015.5,0,0,19,27.2,0,0,0
1923,30-03-2014,Adelaide,12.8,32.7,0,0,10.9,W,24,0,WNW,0,15,75,22,1018.6,1016.3,0,0,16.2,32,0,0,0
1924,31-03-2014,Adelaide,16.2,32.5,0,12.4,1,NE,24,NE,N,7,7,43,31,1017.3,1015.1,0,0,25.7,30.3,0,0,0
1925,01-04-2014,Adelaide,19.9,36.8,0,2.8,8.4,WNW,43,NE,NNW,13,22,27,17,1013.2,1008.6,0,0,27.5,36.1,0,0.8,0
1926,02-04-2014,Adelaide,18,23.4,0.8,6.8,4.7,SW,37,SSE,SW,17,19,69,52,1016.6,1015.7,0,0,18.1,22,0,0,0
1927,03-04-2014,Adelaide,15.4,21.4,0,4,4.5,SSE,37,S,SSE,11,22,55,51,1022.3,1020.9,0,0,16.7,20.1,0,0,0
1928,04-04-2014,Adelaide,12.3,21.3,0,2.6,10.9,SW,33,SSE,SSE,11,15,64,34,1023.3,1021.1,0,0,15,20.8,0,0,0
1929,05-04-2014,Adelaide,10.3,22.1,0,0,0,SE,35,WNW,SE,9,7,66,37,1024.6,1022.1,0,0,13.3,20.5,0,0,0
1930,06-04-2014,Adelaide,10.1,25,0,0,10.1,NE,28,SW,WSW,6,15,59,32,1023.7,1019.2,0,0,16.8,24.2,0,0,0
1931,07-04-2014,Adelaide,16.8,26.2,0,11.8,0.9,NE,35,NE,NE,19,9,31,36,1017.5,1014.7,0,0,22.6,24.8,0,1,0
1932,08-04-2014,Adelaide,19.5,23.9,1,3.2,0,NNE,24,N,SSW,9,7,78,85,1016.4,1014.8,0,0,21.2,22.3,0,15,1
1933,09-04-2014,Adelaide,18.5,22.1,15,0.2,0,ENE,22,W,ENE,2,13,91,72,1016,1012.8,0,0,19.3,21.7,1,3.4,1
1934,10-04-2014,Adelaide,18.5,23.4,3.4,1.4,2.7,SE,39,W,SSE,9,17,84,65,1011.3,1010.5,0,0,21.2,22,1,0.2,0
1935,11-04-2014,Adelaide,15.4,19,0.2,3,1.7,S,41,S,S,15,17,72,65,1018.8,1017.6,0,0,16.7,18,0,0,0
1936,12-04-2014,Adelaide,14.4,21.1,0,0,8.1,SSE,28,SSE,SSE,15,11,58,45,1022,1018.6,0,0,15.5,20.8,0,0,0
1937,13-04-2014,Adelaide,9.4,21.5,0,0,9.6,SSE,33,NNW,S,7,17,71,48,1021.8,1020.3,0,0,16.1,20.7,0,0,0
1938,14-04-2014,Adelaide,12.6,21.9,0,7.8,10.4,SE,44,SSE,SSE,13,15,49,35,1023.2,1021.3,0,0,18.4,21.7,0,0,0
1939,15-04-2014,Adelaide,12.2,22.5,0,4.4,10.8,SSE,28,E,ESE,11,11,50,40,1024.1,1021.1,0,0,18.3,21.7,0,0,0
1940,16-04-2014,Adelaide,10,23.8,0,3.2,10.2,WNW,26,N,WNW,7,15,60,31,1020.9,1019.1,0,0,17.2,23.3,0,0,0
1941,17-04-2014,Adelaide,10.9,24.2,0,2.4,8.4,W,22,NNE,WNW,9,13,75,42,1021.8,1019.6,0,0,17.6,23.6,0,1.8,1
1942,18-04-2014,Adelaide,15.1,20.5,1.8,0,8.9,SW,39,SSW,S,11,17,87,34,1021.8,1021.4,0,0,16.7,20.4,1,0,0
1943,19-04-2014,Adelaide,9,19.6,0,0,5.3,W,26,N,WSW,7,17,66,43,1023.5,1019.1,0,0,13.8,19,0,0,0
1944,20-04-2014,Adelaide,9.2,22.5,0,0,9.6,W,20,NNE,W,6,11,50,41,1019.7,1017.5,0,0,16.6,21.3,0,0,0
1945,21-04-2014,Adelaide,15,28.5,0,0,4.4,NNW,48,NNE,NNW,17,26,35,27,1014.4,1011.1,0,0,22.4,27.4,0,0,0
1946,22-04-2014,Adelaide,16.7,21.4,0,15.2,8.5,SW,35,S,WSW,13,22,66,50,1017.2,1017,0,0,18.6,19.8,0,0,0
1947,23-04-2014,Adelaide,8.1,20.9,0,3.6,9.2,WNW,22,0,SSW,0,9,63,34,1018.8,1014.9,0,0,14.6,20.1,0,1.2,1
1948,24-04-2014,Adelaide,12.9,21.7,1.2,2,9.5,WSW,28,S,SSW,17,15,71,41,1018.7,1017.5,0,0,17.2,21,1,0,0
1949,25-04-2014,Adelaide,9,23.3,0,0,4.9,NNW,39,NE,WNW,13,11,43,43,1017.4,1011.9,0,0,17.9,22.2,0,1.2,1
1950,26-04-2014,Adelaide,11.8,21.3,1.2,0,9.1,S,35,SSW,SSE,13,17,75,60,1016.1,1017.1,0,0,18.2,19.3,1,0,0
1951,27-04-2014,Adelaide,10.7,22.2,0,0,8.5,ENE,35,NE,NE,15,15,41,38,1023.7,1019.4,0,0,14.9,21.3,0,0,0
1952,28-04-2014,Adelaide,14.9,29.2,0,10.6,6.6,N,43,NNE,N,17,17,46,33,1014.8,1010.2,0,0,22,29.1,0,24.4,1
1953,29-04-2014,Adelaide,13.9,19.3,24.4,3.8,5.7,SW,54,NW,W,9,24,94,54,1014,1012.3,0,0,14.1,18.7,1,1.6,1
1954,30-04-2014,Adelaide,11,18.3,1.6,2.2,6.7,WSW,24,SW,WSW,6,11,61,48,1021.6,1020.5,0,0,14,17.1,1,0,0
1955,01-05-2014,Adelaide,10.2,17.8,0,1,0,WNW,33,NE,NNW,11,17,65,53,1018.7,1014.2,0,0,13.9,16.1,0,12.4,1
1956,02-05-2014,Adelaide,9.6,12.1,12.4,1.2,0,WSW,41,0,SSW,0,9,91,87,1007.8,1006.5,0,0,10.5,10,1,8,1
1957,03-05-2014,Adelaide,7.2,15.8,8,0,0,SW,52,S,SSW,15,20,58,45,1010.6,1010.7,0,0,12.1,14.8,1,0,0
1958,04-05-2014,Adelaide,5.9,16.8,0,0,0,W,26,NE,WSW,7,11,62,52,1017.9,1016.7,0,0,11.6,16,0,0.4,0
1959,05-05-2014,Adelaide,11.5,17.9,0.4,4,0,SE,20,NNE,SSW,9,4,91,80,1021.8,1020.7,0,0,12.8,17.2,0,3.4,1
1960,06-05-2014,Adelaide,9.8,17.3,3.4,1.2,0,ENE,28,0,E,0,11,75,54,1026.6,1025.1,0,0,13.7,16.4,1,0,0
1961,07-05-2014,Adelaide,9.9,18,0,2,0,ESE,31,ENE,ENE,9,13,57,44,1027.5,1024.7,0,0,13.5,17.8,0,0,0
1962,08-05-2014,Adelaide,7.1,17.8,0,1.8,0,N,41,NE,NE,15,17,50,42,1023.9,1019.5,0,0,13.3,17,0,2.2,1
1963,09-05-2014,Adelaide,12,14,2.2,2.6,0,NE,41,N,NE,13,9,88,97,1017.2,1014,0,0,12,12.8,1,21.4,1
1964,10-05-2014,Adelaide,11.2,19.4,21.4,0,0,W,24,NNE,WNW,7,13,97,70,1019.8,1019.5,0,0,14,19,1,0,0
1965,11-05-2014,Adelaide,12.2,21.1,0,0,0,WNW,20,NNE,WNW,6,7,86,57,1026.7,1025.8,0,0,15.2,20.5,0,0,0
1966,12-05-2014,Adelaide,9.2,21.3,0,2,0,N,35,ENE,NNE,9,15,73,39,1029.1,1025.7,0,0,16.1,20.9,0,0,0
1967,13-05-2014,Adelaide,12.2,22.6,0,3,0,NE,24,NNE,WNW,13,9,46,41,1026,1023.2,0,0,17.6,21.9,0,0,0
1968,14-05-2014,Adelaide,13.1,24.2,0,2,0,N,26,NE,NE,11,13,42,27,1022.8,1018.8,0,0,18.5,23.9,0,0,0
1969,15-05-2014,Adelaide,14.1,25.3,0,3.2,0,NW,44,NNE,NW,9,19,49,33,1021,1018.7,0,0,18.9,24.4,0,0,0
1970,18-05-2014,Adelaide,15.3,24.8,0,0,0,N,30,NE,NW,13,9,47,42,1021.7,1019.5,0,0,21.2,22.8,0,0.4,0
1971,19-05-2014,Adelaide,12.7,22.1,0.4,7,0,NNW,26,NNE,WNW,9,7,75,53,1021.3,1019.8,0,0,16.9,21.7,0,0,0
1972,20-05-2014,Adelaide,11.1,24,0,1.2,0,SW,19,NNE,NNW,6,7,69,34,1022.7,1020.6,0,0,18.1,23.9,0,0,0
1973,21-05-2014,Adelaide,11.8,26.3,0,1.6,0,N,28,NE,NNW,4,13,64,37,1021.5,1018.4,0,0,20.2,26.1,0,0,0
1974,22-05-2014,Adelaide,16,25.7,0,3,0,NNW,37,NW,NW,9,22,47,34,1017.7,1014.3,0,0,20.4,25,0,0.4,0
1975,25-05-2014,Adelaide,14.6,23.9,0,0,0,NE,24,NNE,N,9,11,94,41,1017.2,1015.2,0,0,15.9,23.6,0,1.2,1
1976,26-05-2014,Adelaide,15.9,20.2,1.2,5.2,0,NNW,37,SW,NNW,6,2,91,74,1015.2,1008.8,0,0,16.8,20,1,9.2,1
1977,27-05-2014,Adelaide,13.7,17.8,9.2,0.4,0,NW,56,NW,WNW,20,30,83,74,1005.8,1004.5,0,0,14.6,16.6,1,5,1
1978,28-05-2014,Adelaide,13.3,18.1,5,1.4,0,W,39,NW,WNW,9,13,86,65,1015.9,1016.6,0,0,15,17.7,1,0.2,0
1979,29-05-2014,Adelaide,11.3,20.9,0.2,1,0,NNW,28,N,NE,7,11,72,43,1022.8,1020.5,0,0,14.9,19.6,0,0,0
1980,30-05-2014,Adelaide,13,20.7,0,2,0,NE,39,NE,NE,15,19,49,39,1022.4,1019.3,0,0,16.9,19.8,0,0.2,0
1981,31-05-2014,Adelaide,13.8,14.7,0.2,0,0,NNE,30,NE,NE,9,7,81,93,1019,1016.6,0,0,14,12.9,0,4.8,1
1982,01-06-2014,Adelaide,10.4,15.5,4.8,0,0,WSW,24,0,WSW,0,13,78,76,1020.1,1018.5,0,0,13.1,15,1,1,0
1983,02-06-2014,Adelaide,11.1,18.2,1,4,0,S,24,0,SW,0,15,88,77,1020.3,1019.1,0,0,14.5,17.1,0,0.4,0
1984,03-06-2014,Adelaide,13.9,18,0.4,0.6,0,WNW,28,N,WNW,7,15,92,59,1022.1,1021.1,0,0,15,16.7,0,0.2,0
1985,04-06-2014,Adelaide,12.6,17.9,0.2,1.2,0,WNW,30,NNE,S,7,7,72,88,1026.3,1025.5,0,0,14.5,15.1,0,1,0
1986,05-06-2014,Adelaide,8.4,18.3,1,1,0,SSE,19,NNE,S,2,9,87,46,1031,1029.4,0,0,12.5,17.8,0,0,0
1987,06-06-2014,Adelaide,6.1,17.7,0,1.2,0,SE,26,0,WSW,0,11,81,59,1034.2,1031.9,0,0,10.8,16.7,0,0,0
1988,07-06-2014,Adelaide,9.5,19.3,0,0,0,SSE,28,0,S,0,13,91,51,1035,1032.2,0,0,12.5,19,0,0,0
1989,08-06-2014,Adelaide,9.8,17,0,0,0,SSE,26,SE,SSE,4,13,67,53,1034.9,1032.9,0,0,14.1,16.6,0,0,0
1990,09-06-2014,Adelaide,6.7,14.5,0,0,0,NNE,24,NNE,NE,7,9,72,52,1033.3,1029.2,0,0,9.2,13.9,0,0,0
1991,10-06-2014,Adelaide,5.7,19,0,4.4,0,NNE,33,N,N,17,17,48,41,1027.2,1022.8,0,0,13.6,18.5,0,0,0
1992,11-06-2014,Adelaide,9.7,17.2,0,2,0,N,30,NNE,NNE,13,7,54,53,1020.6,1017,0,0,15.1,16.3,0,0,0
1993,12-06-2014,Adelaide,11.4,17.1,0,0.6,0,NNW,39,NE,N,7,15,67,50,1012.5,1009,0,0,14,16.8,0,4.2,1
1994,13-06-2014,Adelaide,9.5,13.6,4.2,3.2,0,E,44,NNE,E,17,13,92,74,1008.5,1006.9,0,0,9.8,11.9,1,7,1
1995,14-06-2014,Adelaide,7.9,15.3,7,0,0,SSE,41,SSW,S,17,15,73,67,1020.3,1021.4,0,0,13.6,14.2,1,0,0
1996,15-06-2014,Adelaide,7.6,15.8,0,0,0,WSW,30,NNW,WSW,7,15,97,64,1025.5,1023.9,0,0,9.8,15.3,0,0.4,0
1997,16-06-2014,Adelaide,9.7,16.5,0.4,2.8,0,WNW,39,WNW,S,15,11,85,93,1025.6,1025.6,0,0,14.3,14.3,0,2.4,1
1998,17-06-2014,Adelaide,6.8,15.4,2.4,0.6,0,SSW,17,0,SSW,0,7,91,62,1032.4,1031.2,0,0,11.2,15.2,1,0,0
1999,18-06-2014,Adelaide,5,16.9,0,0.6,0,NE,30,NNE,N,7,13,78,55,1030.7,1026.9,0,0,11,16.3,0,0,0
2000,19-06-2014,Adelaide,11,15.5,0,1.4,0,NNE,39,NE,NNE,13,13,60,59,1021.2,1015.6,0,0,13.5,15,0,0,0
2001,20-06-2014,Adelaide,10.5,17.9,0,1.8,0,NW,43,N,WNW,15,19,86,88,1014.6,1013.7,0,0,11.9,14.8,0,8.8,1
2002,21-06-2014,Adelaide,11.3,16.1,8.8,0,0,WSW,33,N,WSW,2,13,96,75,1020.1,1020.1,0,0,13,15.5,1,0.4,0
2003,22-06-2014,Adelaide,8.9,16.8,0.4,0,0,NW,52,NE,NNE,15,20,69,52,1019,1011.6,0,0,13.2,16.7,0,12.6,1
2004,23-06-2014,Adelaide,8.6,12.8,12.6,4.4,0,SW,72,SW,W,19,22,73,67,1007,1009.3,0,0,10.9,11.7,1,26,1
2005,24-06-2014,Adelaide,8.1,15.9,26,1.2,0,WSW,54,WNW,WSW,26,26,94,68,1013.4,1014.8,0,0,12.7,15.2,1,6,1
2006,25-06-2014,Adelaide,12,16.1,6,0.8,0,NW,54,W,WNW,17,24,92,79,1021.2,1019.7,0,0,12.9,14,1,2,1
2007,26-06-2014,Adelaide,12.7,15.7,2,0.8,0,NW,39,N,NNW,11,20,92,70,1022.2,1019.9,0,0,13,14.6,1,0,0
2008,27-06-2014,Adelaide,11.5,17.1,0,1.8,0,NW,72,N,NNW,24,26,56,49,1008.1,1001.2,0,0,13.2,15.9,0,24.4,1
2009,28-06-2014,Adelaide,8.1,13.1,24.4,0,0,WSW,59,WSW,WSW,22,26,64,58,1003.6,1005.7,0,0,10.6,11.7,1,1.8,1
2010,29-06-2014,Adelaide,9.4,14.4,1.8,0,0,WSW,43,WSW,SW,11,22,83,56,1013.6,1015.5,0,0,10.5,13,1,0.8,0
2011,30-06-2014,Adelaide,6.5,15.3,0.8,4.6,0,WNW,26,NE,WNW,6,15,90,67,1025.7,1025.7,0,0,9.7,15,0,6,1
2012,01-07-2014,Adelaide,9,16,6,0.6,0,WNW,22,NE,SW,6,9,94,65,1031.5,1030.6,0,0,10.3,14.9,1,0.8,0
2013,02-07-2014,Adelaide,10,16.5,0.8,0.8,0,N,24,NNE,N,2,11,74,55,1031.1,1027.3,0,0,12.3,15.4,0,0,0
2014,03-07-2014,Adelaide,8.1,15.9,0,1.4,0,NNW,43,N,N,19,24,54,52,1023.5,1018,0,0,12,15.5,0,0,0
2015,04-07-2014,Adelaide,10.2,15.7,0,1.2,0,W,46,N,WNW,11,24,90,62,1017.6,1017.1,0,0,11.3,14.1,0,3.2,1
2016,05-07-2014,Adelaide,11,13.8,3.2,0,0,WSW,41,WSW,W,17,17,62,71,1022.6,1021.2,0,0,12.8,13.4,1,18.6,1
2017,06-07-2014,Adelaide,9.6,15.5,18.6,0,0,WSW,31,ENE,W,2,13,95,55,1019.7,1018.7,0,0,11.2,14.9,1,0,0
2018,07-07-2014,Adelaide,6.3,15.2,0,2.4,0,N,46,N,N,19,19,67,52,1015.2,1010.5,0,0,11.6,15,0,0,0
2019,08-07-2014,Adelaide,11.6,18.5,0,2.6,0,WNW,69,NNE,N,19,26,39,30,1003.4,995.2,0,0,13.6,18.2,0,13.2,1
2020,09-07-2014,Adelaide,8,10.9,13.2,1.6,0,WSW,74,SSW,SW,20,13,93,88,999.5,1004.9,0,0,8.6,9.3,1,14.4,1
2021,10-07-2014,Adelaide,6.8,14.4,14.4,1,0,WSW,50,S,W,4,19,91,75,1017,1018.3,0,0,10.1,12.2,1,0,0
2022,11-07-2014,Adelaide,7.6,15.9,0,1.4,0,NW,43,N,NW,13,28,92,69,1019.9,1018,0,0,9.2,15.4,0,1.6,1
2023,12-07-2014,Adelaide,5.8,13.5,1.6,0,0,SSE,31,0,SSW,0,4,81,71,1027.5,1028.3,0,0,9.3,10.9,1,0.2,0
2024,13-07-2014,Adelaide,3.8,13.5,0.2,0,0,ENE,24,NE,E,6,11,70,46,1034.5,1031.5,0,0,7.6,12.6,0,0,0
2025,14-07-2014,Adelaide,6.1,11.9,0,3.4,0,ENE,33,NE,NNE,11,11,59,47,1029.5,1023.3,0,0,8.9,11.6,0,1.6,1
2026,15-07-2014,Adelaide,7.2,13.3,1.6,1,0,N,37,NNE,N,13,15,82,65,1013.7,1009.1,0,0,8.5,12.6,1,2.8,1
2027,16-07-2014,Adelaide,8.4,16.6,2.8,0.4,0,WNW,57,N,NNW,13,22,92,63,1013.6,1011.6,0,0,10.5,15.5,1,4.6,1
2028,17-07-2014,Adelaide,9.3,12.8,4.6,1,0,WSW,50,N,WSW,19,24,86,55,1016.5,1018.2,0,0,9.6,12.4,1,8,1
2029,18-07-2014,Adelaide,2.3,13.5,8,2,0,S,24,N,WSW,6,13,88,58,1030,1029.6,0,0,6.2,12.3,1,0,0
2030,19-07-2014,Adelaide,6.2,13.2,0,0,0,WSW,22,SE,W,7,15,70,68,1032.9,1030.3,0,0,10,11.6,0,0,0
2031,20-07-2014,Adelaide,4.7,14.5,0,0,0,N,24,0,NNE,0,13,83,52,1028.2,1024,0,0,8,14.2,0,0,0
2032,21-07-2014,Adelaide,8,16.9,0,1.8,0,N,24,NE,NNW,9,9,52,41,1023.1,1020.8,0,0,12,15.6,0,0,0
2033,22-07-2014,Adelaide,3.7,19,0,1.4,0,N,24,0,NNE,0,11,75,32,1024.2,1021.1,0,0,9.6,18.5,0,0,0
2034,23-07-2014,Adelaide,9.6,15.8,0,2.6,0,NE,52,NNE,NE,9,20,35,51,1017.9,1011.5,0,0,14.7,15.4,0,16.6,1
2035,24-07-2014,Adelaide,10.1,15.5,16.6,0.8,0,NNE,50,NW,NW,17,26,96,80,1007.4,1008,0,0,11.2,14,1,1.8,1
2036,25-07-2014,Adelaide,11.2,16.2,1.8,0.6,0,NW,30,WNW,WNW,13,15,89,70,1018.4,1019.2,0,0,13,15.3,1,3,1
2037,26-07-2014,Adelaide,10.3,16.2,3,0,0,NNW,22,N,NNW,7,15,99,59,1028.2,1026.1,0,0,10.4,15.7,1,0,0
2038,27-07-2014,Adelaide,6.4,17.4,0,0,0,N,43,N,NNW,9,17,63,53,1024.8,1020,0,0,12.2,16.5,0,0,0
2039,28-07-2014,Adelaide,9.9,16.7,0,3.8,0,NW,37,N,NW,11,19,70,73,1019.1,1016.5,0,0,12,16.1,0,0,0
2040,29-07-2014,Adelaide,9.1,16.9,0,0.8,0,NW,50,NNW,NW,19,17,85,79,1016.9,1016.3,0,0,12.7,15.4,0,3.2,1
2041,30-07-2014,Adelaide,12.7,17.3,3.2,0.4,0,NNW,43,NW,NW,15,20,88,73,1018.8,1015.6,0,0,13.5,16.3,1,0,0
2042,31-07-2014,Adelaide,10.1,16.4,0,1.4,0,W,80,NNW,WSW,19,20,65,95,1007.2,1006.1,0,0,14.2,11.2,0,16,1
2043,01-08-2014,Adelaide,6.4,12.6,16,0.4,0,SW,63,SW,SW,19,26,79,44,1017.4,1022.1,0,0,7.9,12.2,1,2.4,1
2044,02-08-2014,Adelaide,2.3,14.1,2.4,0,0,NNW,28,NE,WNW,2,9,74,46,1032.9,1031.1,0,0,7.2,14,1,0,0
2045,03-08-2014,Adelaide,3,15,0,0,0,N,30,NNE,NW,6,13,56,34,1033.3,1030.8,0,0,9.4,13.9,0,0,0
2046,04-08-2014,Adelaide,0.9,14.6,0,4.4,0,W,24,0,W,0,15,64,33,1034.7,1033,0,0,7,14.2,0,0,0
2047,05-08-2014,Adelaide,3,16.9,0,1.2,0,WSW,20,0,WSW,0,11,63,50,1036.6,1034.4,0,0,9.4,15.6,0,0,0
2048,06-08-2014,Adelaide,3.3,16.1,0,1.6,0,WSW,22,0,WSW,0,11,75,44,1034.8,1032.4,0,0,9.5,15,0,0,0
2049,07-08-2014,Adelaide,9.4,17.2,0,1.8,0,N,28,NE,NNW,4,13,61,42,1033.5,1029.4,0,0,12.2,17,0,0,0
2050,08-08-2014,Adelaide,3.9,18.3,0,1,0,S,57,NE,NW,6,7,79,44,1030.2,1027.9,0,0,9.3,17.8,0,0,0
2051,09-08-2014,Adelaide,7.8,18.3,0,0,0,N,30,NE,NNW,7,11,47,45,1027.4,1025.8,0,0,13.9,16.8,0,0.2,0
2052,10-08-2014,Adelaide,6.3,15.2,0.2,0,0,SSW,33,N,SW,2,15,74,45,1030.8,1029.4,0,0,11.5,14.1,0,0.4,0
2053,11-08-2014,Adelaide,5.1,12.7,0.4,4,0,W,24,ESE,SW,6,11,56,72,1034.3,1032.1,0,0,10.1,10.4,0,0,0
2054,12-08-2014,Adelaide,4.5,13.5,0,0.8,0,SE,35,SE,SSE,9,19,58,39,1035.5,1034.1,0,0,10,12.8,0,0,0
2055,13-08-2014,Adelaide,7.4,13.6,0,2,0,SSE,50,ESE,SSE,19,20,48,45,1037.6,1036,0,0,10.6,12.5,0,0,0
2056,14-08-2014,Adelaide,9.8,15.5,0,2.2,0,SE,31,E,SE,11,15,65,47,1035.6,1031.4,0,0,11.7,14.7,0,0,0
2057,15-08-2014,Adelaide,8.5,20.3,0,2,0,E,48,WNW,E,7,13,40,40,1026.8,1022.9,0,0,15,18.1,0,0,0
2058,16-08-2014,Adelaide,10.3,14,0,0,0,SE,46,SW,S,9,15,75,60,1021.6,1019.4,0,0,10.3,13,0,1.8,1
2059,17-08-2014,Adelaide,9.4,16.2,1.8,0,0,SSE,39,S,WSW,13,19,63,73,1021.4,1020.5,0,0,11.6,13.5,1,0,0
2060,18-08-2014,Adelaide,6.2,14.7,0,5.2,0,SSE,30,W,S,7,9,75,53,1024.9,1023,0,0,12.1,14.3,0,0,0
2061,19-08-2014,Adelaide,5.3,14.9,0,1.6,0,S,28,ESE,S,13,13,60,48,1026.9,1025.1,0,0,11.4,13.9,0,0,0
2062,20-08-2014,Adelaide,6.9,15.1,0,1.4,0,ESE,30,ESE,WSW,13,15,50,50,1027.8,1026.3,0,0,12,13.8,0,0,0
2063,21-08-2014,Adelaide,6.1,19.3,0,2.2,0,E,30,ENE,NNW,9,9,47,39,1027.4,1024,0,0,13.8,18.1,0,0,0
2064,22-08-2014,Adelaide,12.3,21.1,0,2.6,0,N,37,NNE,NNE,13,15,30,24,1026.7,1022.6,0,0,17.2,20.5,0,0,0
2065,23-08-2014,Adelaide,15,17.9,0,0,0,WNW,41,NNW,WSW,17,19,40,56,1023.7,1025.2,0,0,16.3,16.2,0,0,0
2066,24-08-2014,Adelaide,6,16.2,0,0,0,W,26,NNW,W,9,15,86,55,1031.2,1029.6,0,0,10.3,15.4,0,0,0
2067,25-08-2014,Adelaide,4.2,18.6,0,8,0,WNW,20,SSW,WSW,7,13,76,51,1032.3,1028.2,0,0,11.1,17.1,0,0,0
2068,26-08-2014,Adelaide,4.7,19.2,0,1,0,SW,26,0,WSW,0,11,69,47,1028.2,1024.3,0,0,12.2,18.8,0,0,0
2069,27-08-2014,Adelaide,5.8,22,0,2,0,WSW,24,NNW,WSW,9,15,47,41,1027.4,1025.7,0,0,16.2,21,0,0,0
2070,28-08-2014,Adelaide,7.3,23.5,0,2.4,0,N,20,NNE,WSW,2,11,61,36,1029.3,1026.9,0,0,14.6,23,0,0,0
2071,29-08-2014,Adelaide,7.8,24.7,0,3.4,0,N,20,0,W,0,9,53,32,1028.7,1025.5,0,0,16.7,23.5,0,0,0
2072,30-08-2014,Adelaide,8.5,25,0,0,0,NW,37,NNW,NW,9,15,44,23,1023.8,1019.8,0,0,18.5,23.9,0,0,0
2073,31-08-2014,Adelaide,12.3,23.4,0,6,0,N,43,NE,N,11,20,29,24,1015.9,1010.6,0,0,17.7,22.3,0,6.8,1
2074,01-09-2014,Adelaide,11.3,15.8,6.8,3,0,WNW,44,0,WSW,0,20,90,44,1014.1,1014.6,0,0,11.7,15.5,1,5.6,1
2075,02-09-2014,Adelaide,6.3,16.2,5.6,2.2,0,SW,39,SSW,SW,11,17,65,60,1025.3,1024.9,0,0,11.9,13.5,1,0.4,0
2076,03-09-2014,Adelaide,5.6,14.7,0.4,2.4,0,N,35,NE,NNW,4,15,68,49,1025.1,1020.7,0,0,10.4,14.6,0,4.8,1
2077,04-09-2014,Adelaide,9.2,16.2,4.8,1,0,E,28,ENE,E,9,11,69,53,1017.6,1017.2,0,0,12,15.4,1,0,0
2078,05-09-2014,Adelaide,5.7,18.7,0,1.8,0,SSE,28,E,W,11,15,47,41,1024.7,1023.3,0,0,15.4,18,0,0,0
2079,06-09-2014,Adelaide,6.9,21.2,0,0,0,N,35,ENE,NNE,20,17,33,21,1027.6,1023.9,0,0,17.2,20.7,0,0,0
2080,07-09-2014,Adelaide,13,23.2,0,0,0,N,52,NNE,NE,19,28,29,18,1023.7,1018.3,0,0,18.7,22.8,0,0,0
2081,08-09-2014,Adelaide,17.7,25.4,0,14.2,0,N,59,NNE,NNE,22,20,23,20,1012.8,1003.9,0,0,19.7,24.8,0,4.6,1
2082,09-09-2014,Adelaide,11.7,20.5,4.6,4.6,0,WNW,72,NW,NNW,17,22,70,31,1007.3,1004.9,0,0,14.8,18.3,1,1.4,1
2083,10-09-2014,Adelaide,11.4,18.4,1.4,2.6,0,WNW,41,WNW,NW,20,20,74,61,1017,1016.7,0,0,15.1,17,1,1.2,1
2084,11-09-2014,Adelaide,11.9,17.6,1.2,2,0,WSW,39,SW,WSW,13,20,67,38,1022.2,1022.8,0,0,14.5,17.1,1,0,0
2085,12-09-2014,Adelaide,6.1,17.5,0,3.2,0,SW,30,NNE,WSW,9,15,54,49,1028.1,1026,0,0,13.9,17.2,0,0,0
2086,13-09-2014,Adelaide,6,22.3,0,0,0,WNW,31,NNW,NNW,7,15,52,31,1025.1,1020.8,0,0,14.5,21.8,0,0,0
2087,14-09-2014,Adelaide,8.8,26.5,0,0,0,E,37,NNE,N,11,15,35,23,1019.2,1013.7,0,0,19.4,26.1,0,0.2,0
2088,15-09-2014,Adelaide,12.7,18.1,0.2,10,0,S,57,W,SW,26,24,77,69,1010.2,1013.5,0,0,15,16.2,0,0.2,0
2089,16-09-2014,Adelaide,11.3,17.9,0.2,2.2,0,WSW,35,SW,W,15,22,68,47,1018.7,1016.9,0,0,14.8,16.8,0,2.2,1
2090,17-09-2014,Adelaide,9.6,16.8,2.2,2.6,0,W,39,WSW,WSW,19,19,75,38,1022,1022,0,0,13,16.2,1,0,0
2091,18-09-2014,Adelaide,5.8,14.9,0,3.4,0,ESE,30,SW,WSW,6,11,61,74,1027.4,1025.2,0,0,12.1,12.5,0,2,1
2092,19-09-2014,Adelaide,8.7,19.4,2,0.6,0,ENE,33,ENE,NE,17,15,47,29,1026.4,1023.2,0,0,14.7,19.1,1,0,0
2093,20-09-2014,Adelaide,11.4,23.2,0,0,0,E,35,ENE,WSW,15,15,28,23,1026.6,1024.6,0,0,18,22.5,0,0,0
2094,21-09-2014,Adelaide,9.6,24.2,0,0,0,ENE,33,N,NNE,11,9,29,21,1030.6,1026.5,0,0,18.7,23.5,0,0,0
2095,22-09-2014,Adelaide,9.5,26.7,0,12.6,0,NNW,37,NNE,N,15,13,21,9,1026,1021.2,0,0,20.5,26.2,0,0,0
2096,23-09-2014,Adelaide,16.7,26.8,0,5.4,0,N,44,N,NNE,19,20,42,27,1021,1015.9,0,0,21.3,25.9,0,1.2,1
2097,24-09-2014,Adelaide,14.9,23.1,1.2,5,0,W,33,N,WSW,9,19,61,54,1015.5,1013.7,0,0,19.2,21.9,1,0,0
2098,25-09-2014,Adelaide,13.9,16.9,0,3.8,0,WSW,31,SSW,SW,17,13,65,53,1023,1022.3,0,0,15.1,15.4,0,0.8,0
2099,26-09-2014,Adelaide,11.2,22,0.8,2.2,0,SW,26,NNE,WSW,9,11,86,58,1023.8,1020.9,0,0,13.1,18.2,0,0,0
2100,27-09-2014,Adelaide,11.8,30.6,0,0,0,N,48,NNE,NNW,17,19,32,19,1018.9,1014.6,0,0,22,30.1,0,0,0
2101,28-09-2014,Adelaide,21.6,29.6,0,0,0,NNW,67,N,WSW,30,28,20,36,1009.4,1007.6,0,0,25.1,25,0,0,0
2102,29-09-2014,Adelaide,12,21.9,0,14.8,0,W,41,N,WNW,15,20,75,44,1016.6,1013.5,0,0,15.8,21,0,0,0
2103,30-09-2014,Adelaide,11.2,21.1,0,4,0,W,59,WNW,WSW,22,30,52,65,1014.7,1017,0,0,19.3,16.8,0,0.8,0
2104,01-10-2014,Adelaide,9.4,18.5,0.8,3.2,0,WSW,37,SSW,WSW,13,20,43,46,1028.2,1026.7,0,0,15,17.6,0,0,0
2105,02-10-2014,Adelaide,6.5,19.5,0,4,0,WSW,30,SSE,WSW,9,17,57,50,1029,1025,0,0,14,17.7,0,0,0
2106,03-10-2014,Adelaide,7.8,26.5,0,4,0,N,26,NNE,W,11,9,47,27,1021.2,1016.4,0,0,18.4,25.8,0,0,0
2107,04-10-2014,Adelaide,12.1,31.9,0,0,0,NNW,39,N,WNW,13,19,23,15,1015.3,1012.1,0,0,24.4,30.9,0,0,0
2108,05-10-2014,Adelaide,13.6,28.7,0,0,0,NNE,24,ESE,NNE,11,6,63,40,1017.3,1012.7,0,0,16.6,25.1,0,0,0
2109,06-10-2014,Adelaide,16.6,29.1,0,0,0,NW,85,N,WNW,19,33,16,64,1002.8,1002,0,0,27.8,22.3,0,0,0
2110,07-10-2014,Adelaide,13.2,18.9,0,17.6,0,SW,43,SW,WSW,24,13,66,41,1018.8,1020.3,0,0,14.3,18,0,0,0
2111,08-10-2014,Adelaide,9.2,20.5,0,3.6,0,S,28,NNE,W,7,13,73,46,1024.6,1023.1,0,0,12.9,19.4,0,0,0
2112,09-10-2014,Adelaide,8.1,29.4,0,3,0,N,31,NE,N,13,17,36,14,1020.1,1015.7,0,0,19.4,27.9,0,0,0
2113,10-10-2014,Adelaide,15.4,32.1,0,5.8,0,WSW,35,SW,NW,6,11,27,10,1012.7,1009.6,0,0,21.8,31.7,0,0,0
2114,11-10-2014,Adelaide,12.7,21.7,0,0,0,S,30,S,WSW,13,17,62,49,1018,1014.2,0,0,15.2,20.5,0,0,0
2115,12-10-2014,Adelaide,9.5,21.5,0,0,0,SW,41,NNW,WSW,4,15,75,50,1013.4,1011.3,0,0,14.5,20.6,0,0,0
2116,13-10-2014,Adelaide,9.3,16.7,0,15.8,0,SSW,50,S,SSW,20,19,49,31,1021,1022.2,0,0,12.3,16.1,0,0,0
2117,14-10-2014,Adelaide,6.1,16.5,0,3.8,0,S,39,SSW,SSE,15,20,52,38,1027.9,1026.4,0,0,12.8,15.6,0,0,0
2118,15-10-2014,Adelaide,5.1,18,0,3,0,W,31,WSW,W,7,20,49,39,1026.4,1023.6,0,0,13.1,17,0,0,0
2119,16-10-2014,Adelaide,7.6,19.1,0,3.4,0,WSW,30,N,WSW,7,15,61,44,1025,1023.5,0,0,12,18.6,0,0,0
2120,17-10-2014,Adelaide,8.5,27.9,0,3.2,0,NNE,31,NE,NW,20,15,38,15,1024.5,1021.4,0,0,17.2,27.4,0,0,0
2121,18-10-2014,Adelaide,15.4,32.6,0,0,0,NW,41,NNE,WNW,15,24,16,9,1021.4,1019.3,0,0,24.3,30.8,0,0,0
2122,19-10-2014,Adelaide,16.3,32.8,0,0,0,NW,39,NE,SW,7,13,19,13,1020.8,1020.1,0,0,24.8,30.9,0,0,0
2123,20-10-2014,Adelaide,13.4,32.5,0,19.4,0,E,46,WSW,ENE,7,11,48,17,1024.4,1020.9,0,0,19.3,31.8,0,0,0
2124,21-10-2014,Adelaide,19.3,37.3,0,10.4,0,E,43,NE,NW,22,20,17,9,1019.8,1017.1,0,0,28.8,36.9,0,0,0
2125,22-10-2014,Adelaide,20.4,32.2,0,6.4,0,S,43,N,S,6,22,28,29,1016.5,1016.1,0,0,27.2,29.1,0,0,0
2126,23-10-2014,Adelaide,13.3,24.4,0,7,0,W,28,NNW,WSW,6,15,65,52,1018,1014.6,0,0,17.9,23.1,0,0,0
2127,24-10-2014,Adelaide,14,33.1,0,3.8,0,SSW,30,NE,SW,7,9,50,15,1015.1,1012.9,0,0,22.1,31.7,0,0,0
2128,25-10-2014,Adelaide,15.5,25.5,0,0,0,WNW,26,N,WSW,6,19,54,51,1017.5,1016,0,0,20.2,23.6,0,0,0
2129,26-10-2014,Adelaide,14.2,28.7,0,0,0,SW,37,NE,NE,9,7,67,52,1012.8,1008.7,0,0,18.3,24.8,0,4,1
2130,27-10-2014,Adelaide,13.8,19.7,4,14.8,0,W,57,WSW,WSW,24,24,56,47,1016.1,1017.9,0,0,15.4,18.5,1,0.2,0
2131,28-10-2014,Adelaide,13.6,21.7,0.2,5,0,NW,41,W,SW,15,20,79,47,1019.7,1019.4,0,0,15.6,20.4,0,0,0
2132,29-10-2014,Adelaide,11.7,24.6,0,4.8,0,WSW,28,NNE,WSW,11,13,66,35,1020.3,1017.2,0,0,17.4,24,0,0,0
2133,30-10-2014,Adelaide,10.9,28.2,0,4,0,W,28,SE,NW,6,9,64,20,1016.8,1013,0,0,17.2,25.8,0,0,0
2134,31-10-2014,Adelaide,14.1,35.2,0,5.2,0,NNW,48,NE,SW,19,17,18,17,1005,1000.8,0,0,26.9,32.4,0,2,1
2135,01-11-2014,Adelaide,13.2,17.8,2,0,0,SW,54,SW,SW,26,28,50,33,1015.1,1018.3,0,0,14.3,17.1,1,0,0
2136,02-11-2014,Adelaide,11.9,19.9,0,0,0,WSW,33,SW,SW,11,17,43,38,1026.7,1024.5,0,0,14.4,19.4,0,0,0
2137,03-11-2014,Adelaide,13.1,29.3,0,19.2,0,N,46,NE,WNW,15,9,30,14,1021.5,1017.4,0,0,19.4,27,0,0,0
2138,04-11-2014,Adelaide,16.5,22.5,0,6.2,0,SW,48,SW,SSW,22,20,70,35,1017,1018.7,0,0,17.8,21.7,0,0,0
2139,05-11-2014,Adelaide,9.9,20.9,0,5.8,0,SW,39,S,SW,13,22,54,44,1023.7,1021.3,0,0,14.8,19.3,0,0,0
2140,06-11-2014,Adelaide,9.7,28.9,0,5.2,0,WNW,28,NNE,W,11,15,33,16,1018,1014.6,0,0,17.3,28.3,0,0,0
2141,08-11-2014,Adelaide,21.3,21.9,0,0,0,SW,41,SW,WSW,22,19,61,47,1017.1,1020.3,0,0,21.4,19.9,0,0.6,0
2142,09-11-2014,Adelaide,10.5,22.8,0.6,0,0,WSW,44,SSE,WSW,13,24,56,41,1025.1,1022.8,0,0,16,21.7,0,0,0
2143,10-11-2014,Adelaide,9.9,26.6,0,18.4,0,W,35,WSW,ESE,7,13,56,30,1026.1,1022.8,0,0,17.1,25.6,0,0,0
2144,11-11-2014,Adelaide,10.7,28.2,0,6.2,0,N,22,NW,WSW,7,11,46,31,1022.8,1018.3,0,0,18.3,26.7,0,0,0
2145,12-11-2014,Adelaide,13.5,35.3,0,5,0,W,22,0,WSW,0,13,20,11,1015.8,1012.4,0,0,25.9,34.4,0,0,0
2146,13-11-2014,Adelaide,23.8,38.8,0,9.4,0,NW,46,NE,WNW,19,20,10,7,1009.1,1006.4,0,0,30.9,37.6,0,0,0
2147,14-11-2014,Adelaide,20.6,24.1,0,7.6,0,SE,37,ENE,SSE,9,7,41,46,1011.9,1011.9,0,0,22.9,23.6,0,0,0
2148,15-11-2014,Adelaide,16.2,25.2,0,0,0,WSW,39,ENE,WNW,11,7,48,47,1010.2,1006.4,0,0,20.4,24.6,0,6,1
2149,16-11-2014,Adelaide,11.6,20.7,6,0,0,SW,39,SW,SSW,20,17,53,42,1017.2,1016.6,0,0,14.8,19.7,1,0,0
2150,17-11-2014,Adelaide,12,23,0,11,0,W,31,WSW,W,13,15,62,39,1019.4,1018.8,0,0,17.1,22,0,0,0
2151,18-11-2014,Adelaide,12.3,24,0,4.8,0,WNW,30,SW,W,9,11,51,37,1023.2,1020.9,0,0,16.8,21.8,0,0,0
2152,19-11-2014,Adelaide,11.3,33.3,0,4.4,0,NW,39,NNW,WNW,7,19,41,11,1016.8,1012.2,0,0,21.2,32.7,0,0.4,0
2153,20-11-2014,Adelaide,21.1,24.4,0.4,8,0,NW,41,W,NW,7,20,77,82,1009.7,1007.6,0,0,22.3,22.6,0,6.6,1
2154,21-11-2014,Adelaide,14.5,27.1,6.6,1.8,0,SSW,24,NW,WNW,7,9,57,27,1013.5,1011.4,0,0,18.2,25.5,1,1.6,1
2155,22-11-2014,Adelaide,18.2,24.4,1.6,0,0,NNE,43,0,SW,0,11,89,83,1010.2,1006.9,0,0,19.3,22.3,1,7.2,1
2156,23-11-2014,Adelaide,12.5,28.2,7.2,0,0,E,39,N,WNW,4,15,60,32,1012.2,1012.5,0,0,19.6,26,1,0,0
2157,24-11-2014,Adelaide,18.2,23,0,13.8,0,WSW,46,SW,WSW,19,26,50,51,1012.4,1015,0,0,20.2,20.5,0,0,0
2158,25-11-2014,Adelaide,11.1,22.2,0,6.2,0,SW,31,WNW,SSW,7,17,59,31,1023.4,1022.5,0,0,16.2,20.9,0,0,0
2159,26-11-2014,Adelaide,10.4,25.5,0,5.4,0,SSE,35,SSE,WSW,6,20,52,43,1024.1,1021.3,0,0,17.5,23.6,0,0,0
2160,27-11-2014,Adelaide,13.2,28.6,0,5.8,0,SE,31,S,SSE,9,15,52,25,1024.1,1020.6,0,0,19.3,27.4,0,0,0
2161,28-11-2014,Adelaide,11.9,31.6,0,7.2,0,WSW,30,WNW,SW,7,19,35,23,1020,1016.4,0,0,22.9,29,0,0,0
2162,29-11-2014,Adelaide,15.6,35.7,0,0,0,WNW,30,SW,WNW,2,11,32,11,1011.8,1008.5,0,0,25.6,35.2,0,0,0
2163,30-11-2014,Adelaide,25.6,30.6,0,0,0,NW,46,N,W,19,17,14,37,1005.6,1005.7,0,0,29.1,29.7,0,0,0
2164,01-12-2014,Adelaide,17.5,24.6,0,20,0,W,31,W,WSW,15,15,69,48,1010.3,1009.1,0,0,18.7,22.8,0,0,0
2165,02-12-2014,Adelaide,14.3,29.3,0,3.8,0,ENE,24,SSW,SSW,13,7,53,35,1010,1008.9,0,0,20.7,27.5,0,0,0
2166,03-12-2014,Adelaide,20.6,32.8,0,4.8,0,W,35,NNE,W,15,20,44,36,1007.9,1006.8,0,0,26.3,31.9,0,0,0
2167,04-12-2014,Adelaide,18.3,25.3,0,9.2,0,SW,39,WSW,WSW,15,17,71,52,1013.5,1012.2,0,0,20.2,24.5,0,0,0
2168,07-12-2014,Adelaide,15.8,25.3,0,0,0,WSW,37,S,SW,11,19,67,51,1008.8,1007,0,0,19.1,24.2,0,0,0
2169,08-12-2014,Adelaide,15.9,29.5,0,16.2,0,W,39,SSW,SSE,6,15,62,44,1011.1,1009.7,0,0,21.1,26.7,0,0,0
2170,09-12-2014,Adelaide,14.9,32.3,0,6.6,0,WSW,30,NW,WSW,7,17,51,29,1012.8,1011.1,0,0,22.4,30,0,0,0
2171,10-12-2014,Adelaide,19.1,23.4,0,7.4,0,SSE,43,SW,NE,6,6,52,88,1010.9,1011.8,0,0,22.7,19.5,0,3,1
2172,11-12-2014,Adelaide,15.9,25.8,3,2,0,SE,46,NE,SSE,7,19,57,42,1016.4,1016.9,0,0,18.6,24.8,1,0,0
2173,13-12-2014,Adelaide,16.7,35.9,0,0,0,WSW,43,NNE,WNW,15,22,20,13,1012.3,1009.1,0,0,29.1,34.6,0,0.4,0
2174,14-12-2014,Adelaide,19.7,28.6,0.4,0,0,WSW,31,W,WSW,6,17,61,39,1010.1,1009.5,0,0,24.4,27,0,0,0
2175,15-12-2014,Adelaide,14.8,29,0,24.8,0,WSW,31,SSE,SW,4,17,48,38,1007.7,1003.9,0,0,20,27.4,0,0,0
2176,16-12-2014,Adelaide,14.4,24.4,0,7.2,0,SW,59,NW,WSW,11,28,70,40,1003.3,1005.6,0,0,19.9,22.2,0,0,0
2177,17-12-2014,Adelaide,11.9,24.4,0,6.6,0,W,31,NW,SW,6,19,50,30,1011.7,1009,0,0,16.7,23.7,0,0,0
2178,18-12-2014,Adelaide,13.5,23.7,0,5.6,0,W,43,WNW,SW,20,24,51,43,1011.3,1012.9,0,0,20,23.3,0,0,0
2179,19-12-2014,Adelaide,11.2,23.9,0,6,0,W,41,SSW,WSW,11,17,45,44,1020.4,1020,0,0,18.2,22.6,0,0,0
2180,20-12-2014,Adelaide,12.9,30.3,0,0,0,WSW,26,ESE,SW,7,13,50,25,1019.6,1015.2,0,0,19.1,29.3,0,0,0
2181,21-12-2014,Adelaide,17.2,36.1,0,0,0,NW,35,NE,W,15,15,20,18,1011.5,1009.9,0,0,30.3,34.8,0,0,0
2182,22-12-2014,Adelaide,22.6,26,0,22.4,0,WNW,39,ENE,SSW,6,7,60,51,1006.8,1007.3,0,0,24.4,25.6,0,1.6,1
2183,23-12-2014,Adelaide,17.7,23.8,1.6,1.2,0,SW,50,SW,SW,15,26,73,55,1013,1015.3,0,0,18.8,21.8,1,0,0
2184,24-12-2014,Adelaide,12.7,24.3,0,6.6,0,SW,39,SSE,SW,11,24,54,45,1018.1,1015,0,0,17.4,22.8,0,0,0
2185,25-12-2014,Adelaide,12.6,23.5,0,0,0,SW,46,WSW,WSW,13,24,54,49,1014.7,1013.2,0,0,17.8,21.9,0,0,0
2186,26-12-2014,Adelaide,10.2,23.4,0,0,0,SSE,35,SSW,SE,19,17,49,30,1020.4,1018.2,0,0,16.5,22.3,0,0,0
2187,27-12-2014,Adelaide,11.5,25.9,0,18.6,0,SW,31,N,WSW,6,19,51,39,1021.2,1018.1,0,0,17.8,24.6,0,0,0
2188,28-12-2014,Adelaide,13.3,30.4,0,0,0,W,30,NNW,WSW,7,11,39,23,1015.3,1010.3,0,0,21.5,29.3,0,1.4,1
2189,29-12-2014,Adelaide,16.3,23,1.4,13.2,0,W,56,W,WSW,22,22,94,48,1008.1,1010.4,0,0,17.3,20.6,1,0,0
2190,30-12-2014,Adelaide,16.2,23.7,0,0,0,W,41,WSW,SW,19,17,64,55,1016,1015.9,0,0,18.4,22.6,0,0,0
2191,31-12-2014,Adelaide,12.1,28.1,0,11,0,SW,31,NNE,WSW,2,13,58,39,1017.6,1013.4,0,0,18.4,26.8,0,0,0
2192,01-01-2015,Adelaide,15.1,37,0,0,0,WNW,31,SW,NNW,11,9,43,20,1012.1,1009.3,0,0,23.9,34.2,0,0,0
2193,02-01-2015,Adelaide,23.2,44.1,0,0,0,NW,41,N,NW,17,20,12,10,1009.4,1006.7,0,0,34.9,42.8,0,0,0
2194,03-01-2015,Adelaide,24.4,38.2,0,0,0,SW,56,SSW,S,15,28,33,17,1005.8,1007.3,0,0,29.2,35.4,0,0,0
2195,04-01-2015,Adelaide,17.7,30.5,0,0,0,S,33,SSE,SE,13,13,51,33,1016.4,1014.8,0,0,21.6,28.9,0,0,0
2196,05-01-2015,Adelaide,18.2,34.9,0,43.4,0,ESE,50,0,SE,0,13,45,28,1016.7,1014.7,0,0,24.1,32.4,0,0,0
2197,06-01-2015,Adelaide,23.7,39.4,0,10.2,0,ESE,48,ENE,WSW,11,19,31,25,1015.4,1013.1,0,0,30.2,38,0,0,0
2198,07-01-2015,Adelaide,27,42.2,0,10.8,0,W,46,N,WNW,17,17,29,23,1011.8,1008.7,0,0,35.1,39.4,0,8.2,1
2199,08-01-2015,Adelaide,21.8,27.2,8.2,7.6,0,SSW,52,S,N,9,15,94,64,1010.5,1008.6,0,0,22.3,25.6,1,2.6,1
2200,09-01-2015,Adelaide,19.4,21.4,2.6,2.6,0,SSE,46,SW,SE,4,17,75,69,1009.3,1007.8,0,0,20,19.6,1,8.8,1
2201,10-01-2015,Adelaide,14.6,20.2,8.8,0,0,SE,50,ESE,NE,15,13,79,67,1010.1,1010.1,0,0,14.7,20,1,2.4,1
2202,11-01-2015,Adelaide,14.6,28.3,2.4,0,0,ENE,35,SSE,ESE,13,19,73,51,1013.8,1010.4,0,0,18.4,26.3,1,0,0
2203,12-01-2015,Adelaide,18.3,29.9,0,9,0,N,31,ENE,W,15,11,66,83,1008.3,1005.1,0,0,25.2,25.3,0,16.8,1
2204,13-01-2015,Adelaide,18.6,20.5,16.8,2.8,0,W,50,WNW,WSW,17,22,94,84,1004.4,1004.5,0,0,18.7,19.4,1,2.2,1
2205,14-01-2015,Adelaide,17.1,23.5,2.2,2.4,0,WSW,41,S,WSW,20,20,59,51,1011.6,1011.5,0,0,18.8,22.4,1,0,0
2206,15-01-2015,Adelaide,15.9,24,0,6.2,0,WSW,35,S,W,13,20,59,48,1014.3,1012.7,0,0,18.4,22.8,0,0,0
2207,16-01-2015,Adelaide,13.2,25.6,0,5,0,WSW,35,NE,W,2,15,69,48,1013,1012,0,0,18.4,24.5,0,0,0
2208,17-01-2015,Adelaide,17.9,25.3,0,0,0,WSW,39,SSW,WSW,13,19,59,38,1015.9,1015.3,0,0,19.2,23.9,0,0,0
2209,18-01-2015,Adelaide,15.8,25.8,0,0,0,SSE,37,S,SE,9,11,50,41,1019,1016.4,0,0,18.3,24.1,0,0,0
2210,19-01-2015,Adelaide,15.8,31.7,0,19.2,0,ESE,31,ENE,W,11,6,43,28,1014.1,1010,0,0,20.9,29.6,0,0,0
2211,20-01-2015,Adelaide,20.7,33.1,0,8,0,N,46,NE,WNW,11,24,36,46,1001.4,998.8,0,0,26.9,29.4,0,0.6,0
2212,21-01-2015,Adelaide,17.8,28.1,0.6,5.8,0,W,43,S,WSW,11,11,76,50,1010.5,1010,0,0,20.1,27.2,0,0,0
2213,22-01-2015,Adelaide,15.5,31.5,0,5.2,0,WSW,37,N,WSW,4,19,61,42,1011,1008.7,0,0,21.6,30.2,0,0,0
2214,23-01-2015,Adelaide,18.1,26,0,7,0,SSW,41,SSW,WSW,13,20,71,48,1009.9,1008.7,0,0,21.9,25.1,0,0,0
2215,24-01-2015,Adelaide,15.2,25.4,0,0,0,SSW,54,WNW,W,19,19,58,46,1008.9,1007.7,0,0,19.6,24.8,0,0,0
2216,25-01-2015,Adelaide,14.4,22.4,0,0,0,SW,44,SSW,WSW,19,24,52,37,1013.5,1014.3,0,0,17.6,21.3,0,0,0
2217,26-01-2015,Adelaide,14.9,21.4,0,0,0,SSE,39,SSE,SSE,13,22,55,45,1018.6,1017.1,0,0,17.1,19.6,0,0,0
2218,27-01-2015,Adelaide,13.5,23.4,0,25.6,0,SSE,44,S,SE,11,17,47,41,1018.6,1016.4,0,0,17.3,21.9,0,0,0
2219,28-01-2015,Adelaide,13.4,25.8,0,5.6,0,SSE,43,ESE,SSE,11,15,55,33,1018.4,1015.7,0,0,16.2,25.5,0,0,0
2220,29-01-2015,Adelaide,16,30.2,0,7.2,0,ESE,54,SE,ESE,15,15,44,19,1017.5,1015.5,0,0,20.1,28.5,0,0,0
2221,30-01-2015,Adelaide,16.5,28.7,0,8.8,0,ESE,43,ESE,S,6,11,44,23,1016.6,1013.7,0,0,20,27.9,0,0,0
2222,31-01-2015,Adelaide,14.3,24.1,0,7.6,0,SSE,46,ESE,SSE,19,28,52,40,1016.5,1015,0,0,17.7,22.6,0,0,0
2223,01-02-2015,Adelaide,14.9,21.7,0,0,0,S,43,S,S,15,20,68,51,1018.1,1017.8,0,0,16.8,20.4,0,0,0
2224,02-02-2015,Adelaide,14.7,23.8,0,11.8,0,SSE,43,SSE,S,17,24,62,41,1022.3,1021.7,0,0,16.3,22.6,0,0,0
2225,03-02-2015,Adelaide,12.5,28.6,0,6.6,0,S,37,SW,S,7,15,60,31,1023.6,1020.4,0,0,17.1,28,0,0,0
2226,04-02-2015,Adelaide,13.3,25.9,0,6.6,0,SSE,39,ESE,SSW,11,13,60,36,1022.1,1019.4,0,0,16.9,24.1,0,0,0
2227,05-02-2015,Adelaide,12.5,29.6,0,5,0,SE,39,SE,WSW,7,19,51,34,1021.7,1019.1,0,0,17.5,26.2,0,0,0
2228,06-02-2015,Adelaide,14.9,37.9,0,6.4,0,WSW,37,0,WSW,0,17,36,16,1019.8,1017,0,0,25.6,36.6,0,0,0
2229,07-02-2015,Adelaide,21.8,38.5,0,0,0,SW,35,NE,WSW,13,19,27,21,1017.6,1015.4,0,0,31.1,37.4,0,0,0
2230,08-02-2015,Adelaide,18.3,33.1,0,0,0,S,30,W,S,4,17,54,27,1021.6,1020.7,0,0,22,32.5,0,0,0
2231,09-02-2015,Adelaide,15.5,30.7,0,24.8,0,WSW,28,E,WSW,4,17,54,34,1023.9,1021.7,0,0,20.5,29.3,0,0,0
2232,10-02-2015,Adelaide,12.8,33.9,0,6.8,0,SW,31,W,SW,6,13,27,21,1021.8,1019.6,0,0,22.3,31.9,0,0,0
2233,11-02-2015,Adelaide,18.3,34.6,0,7.8,0,SW,43,NW,S,6,19,23,16,1019.3,1018.4,0,0,26.1,33.1,0,0,0
2234,12-02-2015,Adelaide,18.9,37.4,0,7.2,0,WSW,26,SW,WSW,6,9,47,33,1020.8,1016.7,0,0,23.6,33.7,0,0,0
2235,13-02-2015,Adelaide,21.5,34.6,0,6.6,0,ESE,50,SW,SE,15,7,48,31,1017.9,1016,0,0,26.9,33.1,0,0,0
2236,14-02-2015,Adelaide,26.5,41.6,0,0,0,NNE,37,NNE,NNW,9,17,30,15,1015.2,1013.4,0,0,30.8,39.4,0,0,0
2237,15-02-2015,Adelaide,28.8,38.6,0,0,0,WSW,48,N,WSW,19,19,20,24,1011.8,1012,0,0,34.8,36.3,0,0,0
2238,16-02-2015,Adelaide,17.9,28.3,0,23,0,WSW,44,S,SW,15,26,55,48,1019.3,1017.1,0,0,20.2,25.5,0,0,0
2239,17-02-2015,Adelaide,13.8,29.6,0,6.2,0,SSE,37,NNE,WSW,2,19,61,43,1018.4,1016.2,0,0,19.2,26.5,0,0,0
2240,18-02-2015,Adelaide,14.4,30.8,0,5.8,0,SE,28,WNW,E,6,13,61,31,1018.9,1016.3,0,0,19.7,29.5,0,0,0
2241,19-02-2015,Adelaide,18,36.9,0,6.4,0,WSW,30,N,WSW,7,17,47,17,1015.8,1012.9,0,0,24.8,35.7,0,0,0
2242,20-02-2015,Adelaide,23.9,38.8,0,0,0,NE,31,N,WSW,6,19,46,21,1013.8,1011.4,0,0,26.2,38,0,0,0
2243,21-02-2015,Adelaide,25.8,39.5,0,18,0,N,35,NE,W,13,20,33,20,1011.2,1008.9,0,0,30.8,38.6,0,0,0
2244,22-02-2015,Adelaide,23.4,40,0,0,0,W,35,NNE,W,7,17,52,20,1010.4,1008.5,0,0,27.3,39.3,0,0,0
2245,23-02-2015,Adelaide,20.6,26.5,0,16.2,0,SSE,48,S,SSE,20,22,61,43,1015.3,1016.5,0,0,22.2,25.7,0,0,0
2246,24-02-2015,Adelaide,13.6,25,0,7.6,0,S,39,SE,SSE,15,20,45,31,1021.2,1019.3,0,0,16.9,24,0,0,0
2247,25-02-2015,Adelaide,13.8,28.2,0,6.2,0,SE,37,NNW,WSW,6,13,46,28,1017.4,1013.5,0,0,18.5,27.2,0,0,0
2248,26-02-2015,Adelaide,15.2,30.8,0,5.6,0,SW,30,SSW,W,2,17,42,20,1013.3,1010.8,0,0,21.5,29.5,0,0,0
2249,27-02-2015,Adelaide,18.5,34.9,0,5.8,0,SSE,31,N,WNW,7,13,42,26,1010.1,1007,0,0,23.3,34.6,0,0.6,0
2250,28-02-2015,Adelaide,21.9,35.1,0.6,6.6,0,ENE,43,NNE,WSW,11,20,38,46,1004.2,1004.8,0,0,28.9,28.4,0,0,0
2251,01-03-2015,Adelaide,15.1,25.4,0,0,0,SSE,41,SSW,SE,13,19,55,37,1016.3,1015.9,0,0,18.2,24,0,0,0
2252,02-03-2015,Adelaide,15.1,29.5,0,13.4,0,ESE,26,N,SW,9,17,45,20,1015.9,1013.3,0,0,20.4,26.7,0,0,0
2253,03-03-2015,Adelaide,16.1,30,0,4,0,SSE,30,SSE,WSW,4,17,53,29,1018.2,1015.7,0,0,20.2,28.9,0,0,0
2254,04-03-2015,Adelaide,13.8,23.6,0,6,0,WNW,46,NE,WSW,4,22,62,40,1019.2,1018,0,0,17.2,22.8,0,0,0
2255,05-03-2015,Adelaide,15.6,23.5,0,5.8,0,SSW,44,SSE,W,15,26,48,35,1022.8,1021.1,0,0,17.2,21.8,0,0,0
2256,06-03-2015,Adelaide,13.9,23.5,0,6,0,W,37,SSW,SW,9,19,67,46,1019.4,1017,0,0,16.7,22.5,0,0,0
2257,07-03-2015,Adelaide,15.8,23.8,0,0,0,WSW,31,SW,SW,2,13,65,48,1016.1,1014.5,0,0,18.3,22.7,0,0,0
2258,08-03-2015,Adelaide,17.1,24.4,0,0,0,WSW,31,WNW,WSW,13,17,63,42,1015.1,1014,0,0,19.6,23.7,0,0,0
2259,09-03-2015,Adelaide,16.9,24.8,0,0,0,W,30,NNE,WSW,7,19,81,55,1016.3,1015.5,0,0,18.3,23.7,0,0.4,0
2260,10-03-2015,Adelaide,12.1,25.4,0.4,16.6,0,W,28,NE,SW,4,17,63,40,1019.3,1016.8,0,0,16.9,23.2,0,0,0
2261,11-03-2015,Adelaide,12.4,25,0,4.6,0,WSW,37,SW,SW,2,20,72,44,0,0,0,0,17.6,23.9,0,0,0
2262,12-03-2015,Adelaide,13.8,26.2,0,4.2,0,S,39,NNW,WSW,7,20,72,40,0,0,0,0,17.9,24.7,0,0,0
2263,13-03-2015,Adelaide,13.8,25.1,0,5.8,0,ESE,33,E,SW,9,15,48,37,0,1020.2,0,0,16.9,23.8,0,0,0
2264,14-03-2015,Adelaide,11.4,29.2,0,0,0,WSW,37,NE,WSW,9,15,43,23,1017.9,1015.6,0,0,19.4,28.8,0,0,0
2265,15-03-2015,Adelaide,16.2,24.8,0,0,0,ESE,28,ESE,SSE,11,9,68,31,1017.7,1015.4,0,0,17.9,24.1,0,0,0
2266,16-03-2015,Adelaide,15.2,33.6,0,15,0,NNE,35,NE,N,15,15,26,21,1011.6,1007.2,0,0,22.9,32.5,0,0,0
2267,17-03-2015,Adelaide,20.2,27.4,0,6.2,0,NW,52,N,NW,13,28,77,51,1003.8,1002.5,0,0,21.1,25.1,0,1,0
2268,18-03-2015,Adelaide,17.8,28.2,1,3.2,0,WSW,33,W,NNW,13,11,77,44,1007.7,1007.2,0,0,19.7,26.3,0,0,0
2269,19-03-2015,Adelaide,19.6,27.3,0,5.6,0,N,54,N,SW,7,20,47,47,1005.5,1009.1,0,0,26.1,25.8,0,0,0
2270,20-03-2015,Adelaide,15.7,23.6,0,0,0,SSE,35,S,WSW,11,19,57,38,1021.5,1022,0,0,17.8,22.9,0,0,0
2271,21-03-2015,Adelaide,14,24.9,0,0,0,WNW,30,E,W,15,17,44,33,1025.4,1022.6,0,0,16.4,23.6,0,0,0
2272,22-03-2015,Adelaide,11.7,31.2,0,0,0,WSW,26,NE,NW,11,15,30,14,1018.2,1013.8,0,0,20.3,29.9,0,0,0
2273,23-03-2015,Adelaide,19.7,22.5,0,21.4,0,WNW,48,SW,WSW,20,24,71,50,1014.1,1015.9,0,0,20.1,21.8,0,0,0
2274,24-03-2015,Adelaide,12.3,19.3,0,5,0,S,39,S,SSE,13,19,59,47,1022.2,1021.4,0,0,15.1,17.7,0,0,0
2275,25-03-2015,Adelaide,11.9,22.5,0,3.4,0,WSW,63,N,W,11,28,53,34,1020.5,1017.5,0,0,13.7,21.3,0,1,0
2276,26-03-2015,Adelaide,12.5,19.4,1,4,0,W,48,SW,WSW,24,22,45,44,1025.4,1026.3,0,0,14.9,17.8,0,0,0
2277,27-03-2015,Adelaide,13.1,19.9,0,3.8,0,W,28,SSW,WSW,11,19,55,57,1029.5,1026.7,0,0,15.4,17.9,0,0,0
2278,28-03-2015,Adelaide,9.2,23,0,0,0,NNW,28,0,W,0,13,76,38,1025.9,1022.4,0,0,13,22,0,0,0
2279,29-03-2015,Adelaide,12.9,25.3,0,0,0,W,22,0,W,0,15,70,33,1023.1,1021.7,0,0,15.9,24.4,0,0,0
2280,30-03-2015,Adelaide,11.8,26.2,0,8,0,W,26,NE,WSW,2,15,68,45,1025.2,1023.6,0,0,16.4,24.8,0,0,0
2281,31-03-2015,Adelaide,13.3,31.7,0,4,0,NE,26,0,NNW,0,11,68,16,1024.1,1020,0,0,17.9,31.2,0,0,0
2282,01-04-2015,Adelaide,17.2,30.4,0,5.2,0,NNW,44,NE,WNW,7,15,29,30,1016.1,1014.1,0,0,23.1,28.2,0,0.8,0
2283,02-04-2015,Adelaide,13.3,21.2,0.8,4.4,0,SE,39,SSE,SE,13,19,56,32,1024.9,1022.9,0,0,14.6,20.8,0,0,0
2284,03-04-2015,Adelaide,12.1,23,0,0,0,ESE,52,E,NE,15,9,46,24,1024.2,1020.5,0,0,13.1,22.6,0,0,0
2285,04-04-2015,Adelaide,9.8,24.3,0,0,0,SW,26,0,W,0,15,58,27,1019.4,1016.2,0,0,14,23.8,0,0,0
2286,05-04-2015,Adelaide,14,22,0,0,0,WSW,39,0,WSW,0,22,56,43,1015.1,1012.2,0,0,16.9,20.1,0,11.8,1
2287,06-04-2015,Adelaide,11.6,16.2,11.8,0,0,SSW,63,SSW,SW,20,31,72,57,1010.7,1011.7,0,0,14,12.8,1,12.8,1
2288,07-04-2015,Adelaide,9.7,16.7,12.8,19,0,S,41,S,S,17,20,70,47,1021.6,1022.7,0,0,13.6,15.7,1,0,0
2289,08-04-2015,Adelaide,9.9,19.9,0,2.2,0,SE,31,SW,SW,9,15,61,52,1028.8,1026.2,0,0,15.4,19.3,0,0,0
2290,09-04-2015,Adelaide,8.9,18.4,0,1.6,0,SSE,28,NNW,SSE,6,11,66,50,1028.3,1025.4,0,0,15,18.2,0,0,0
2291,10-04-2015,Adelaide,8.8,21.4,0,2,0,WNW,20,NNW,WSW,6,11,65,51,1026.2,1022.1,0,0,15.9,20.5,0,0,0
2292,11-04-2015,Adelaide,8.9,25.6,0,0,0,NW,20,0,WNW,0,9,55,25,1021.4,1018.1,0,0,18.4,25.1,0,0,0
2293,12-04-2015,Adelaide,13.9,24,0,0,0,E,22,0,ESE,0,13,68,34,1021,1018.5,0,0,17,22.9,0,0,0
2294,13-04-2015,Adelaide,15,27,0,7.4,0,N,30,NNE,E,11,2,40,29,1018.9,1015.8,0,0,21.3,25.2,0,0,0
2295,14-04-2015,Adelaide,15.7,29.7,0,3.2,0,N,41,NNE,NW,13,15,23,25,1013.6,1011.3,0,0,24.2,29.2,0,0,0
2296,15-04-2015,Adelaide,13.9,23.6,0,2.4,0,0,0,NW,0,7,0,76,0,1020.7,0,0,0,19.3,0,0,0,0
2297,16-04-2015,Adelaide,15.2,19,0,2.8,0,ENE,19,WNW,ESE,4,2,75,86,1026.7,1024.9,0,0,17,17.1,0,11,1
2298,17-04-2015,Adelaide,13.1,16.9,11,1.4,0,SE,17,SSW,ESE,4,6,88,73,1020.9,1016,0,0,13.8,16.3,1,0.2,0
2299,18-04-2015,Adelaide,12.7,19.2,0.2,0,0,WNW,37,WNW,WNW,13,17,66,74,1018.7,1016.7,0,0,16.2,18.2,0,4.8,1
2300,19-04-2015,Adelaide,8.1,16.6,4.8,0,0,SSE,39,S,SE,13,17,58,44,1032.8,1033.6,0,0,13.5,15.1,1,0.4,0
2301,20-04-2015,Adelaide,6,16.9,0.4,3.8,0,SE,31,E,SE,9,15,42,38,1039.2,1035.5,0,0,12.3,16.2,0,0,0
2302,21-04-2015,Adelaide,9,18.5,0,2.8,0,ENE,33,ESE,SSE,7,13,54,40,1034.7,1029.3,0,0,14.1,18.1,0,0,0
2303,22-04-2015,Adelaide,8.1,21.2,0,2.6,0,S,20,ESE,WNW,2,6,61,45,1027.1,1022.5,0,0,14.5,20.8,0,0,0
2304,23-04-2015,Adelaide,10.3,20,0,2.2,0,W,19,0,WSW,0,9,81,57,1019.5,1014.4,0,0,13.3,19.7,0,1.6,1
2305,24-04-2015,Adelaide,13,16.6,1.6,1,0,WSW,52,N,WSW,13,17,93,53,1008.3,1007.4,0,0,13.8,16.1,1,13,1
2306,25-04-2015,Adelaide,8.5,16.4,13,0,0,SW,37,WSW,SSW,9,15,77,86,1013.5,1015.4,0,0,12.9,14.8,1,1,0
2307,26-04-2015,Adelaide,8,17,1,0,0,WSW,33,SSW,SSW,4,11,73,52,1025,1024.4,0,0,13.7,16.1,0,0,0
2308,27-04-2015,Adelaide,10.6,17.6,0,5,0,SW,35,S,WSW,9,15,59,62,1028.3,1027.1,0,0,14.6,16.2,0,0,0
2309,28-04-2015,Adelaide,8.7,16.7,0,1.6,0,SE,22,0,ESE,0,9,68,46,1030.8,1028.4,0,0,14.1,16,0,0,0
2310,29-04-2015,Adelaide,8.5,17.7,0,1.8,0,SE,30,ESE,W,7,4,49,39,1031.2,1028.4,0,0,14.5,15.8,0,0,0
2311,30-04-2015,Adelaide,9,21.9,0,1.8,0,S,28,ENE,E,9,11,42,35,1028.7,1025.5,0,0,16.3,19.6,0,0,0
2312,01-05-2015,Adelaide,8,22.7,0,1.8,0,N,22,NNE,NNE,7,4,51,43,1023.5,1019.3,0,0,18.5,21.8,0,0,0
2313,02-05-2015,Adelaide,14.7,21.1,0,0,0,W,22,NNE,WNW,9,13,53,51,1019.6,1018,0,0,16.2,20,0,0,0
2314,03-05-2015,Adelaide,12.1,21.7,0,0,0,WNW,20,NNE,W,6,11,78,51,1021.2,1017.9,0,0,15.2,19,0,0,0
2315,04-05-2015,Adelaide,11.9,27.6,0,6.4,0,N,48,NNE,N,13,15,27,18,1011.2,1004.4,0,0,21.7,26.7,0,2.4,1
2316,05-05-2015,Adelaide,11,16.5,2.4,4.4,0,W,67,W,WSW,22,22,73,48,1008.3,1011.6,0,0,12,15.1,1,1.2,1
2317,06-05-2015,Adelaide,11.9,18.4,1.2,2.2,0,SW,44,W,WSW,13,20,85,64,1019.5,1019.9,0,0,14.3,16.4,1,1.4,1
2318,07-05-2015,Adelaide,11.8,16.9,1.4,2.2,0,WSW,39,WSW,WSW,15,17,54,58,1025.7,1025.8,0,0,15.1,15.3,1,4.4,1
2319,08-05-2015,Adelaide,12.1,17.3,4.4,3,0,WSW,30,WSW,WNW,9,15,91,77,1025.4,1022.6,0,0,13.1,15.6,1,5.8,1
2320,09-05-2015,Adelaide,12.3,17.9,5.8,0,0,WNW,39,NNW,WNW,13,17,87,57,1019.9,1017.1,0,0,14.2,17.3,1,3.6,1
2321,10-05-2015,Adelaide,14.1,18.5,3.6,0,0,WSW,46,WSW,WSW,15,22,88,72,1014.3,1015.4,0,0,15.5,17.1,1,4.4,1
2322,11-05-2015,Adelaide,14.2,17,4.4,4.4,0,SSW,37,SW,SW,13,15,75,73,1020.8,1020.4,0,0,16.3,16.3,1,3.6,1
2323,12-05-2015,Adelaide,13.3,16.3,3.6,1.2,0,SW,48,SW,SW,11,17,92,67,1020.8,1021.2,0,0,13.9,13.9,1,2,1
2324,13-05-2015,Adelaide,6.3,14.9,2,1.6,0,SSW,39,S,SSW,7,15,66,47,1032.3,1033.1,0,0,10.8,13.8,1,0,0
2325,14-05-2015,Adelaide,4.8,15.7,0,1.4,0,SW,24,N,SSW,7,11,80,83,1038.4,1036.8,0,0,9.7,13.4,0,0.2,0
2326,15-05-2015,Adelaide,6.7,15.5,0.2,1,0,SE,20,0,SE,0,9,86,63,1038.6,1036.3,0,0,11.8,14.8,0,0,0
2327,16-05-2015,Adelaide,6,18.3,0,0,0,SE,19,E,NW,7,6,67,49,1035.8,1031.5,0,0,12.7,18.1,0,0,0
2328,17-05-2015,Adelaide,5.8,22.7,0,0,0,N,22,0,NNW,0,7,68,42,1031.8,1027.3,0,0,12.9,21.6,0,0,0
2329,18-05-2015,Adelaide,11.1,21.5,0,4.4,0,0,0,NNE,NNE,9,9,44,49,1024.3,1019.5,0,0,19.3,20.2,0,31.6,1
2330,19-05-2015,Adelaide,12.3,19.7,31.6,1.6,0,NW,35,NE,NW,11,15,73,62,1011.2,1008.1,0,0,15.6,18.6,1,2.8,1
2331,20-05-2015,Adelaide,10.8,15.6,2.8,1.4,0,WSW,33,SSW,SW,9,15,84,50,1018.7,1019.6,0,0,12.5,14.9,1,0,0
2332,21-05-2015,Adelaide,7.8,14.4,0,1.8,0,0,0,0,0,0,0,77,0,1028.1,0,0,0,10.2,0,0,0,0
2333,25-05-2015,Adelaide,10,20.7,0,4,0,NNE,24,0,NW,0,6,74,43,1029.4,1026,0,0,13.6,20.2,0,1,0
2334,26-05-2015,Adelaide,12.4,21,1,1,0,NNE,24,ENE,NW,4,7,52,42,1025.6,1021.1,0,0,17.3,20.7,0,0.2,0
2335,27-05-2015,Adelaide,11.6,19.7,0.2,1.8,0,WNW,24,NE,NW,4,9,69,56,1021.5,1019.2,0,0,15.3,19.4,0,0,0
2336,28-05-2015,Adelaide,10.2,19.2,0,1.4,0,WSW,39,N,WNW,9,17,85,62,1019.7,1018.2,0,0,13.2,18.3,0,3.4,1
2337,29-05-2015,Adelaide,10.8,17.1,3.4,1.8,0,WNW,19,NNE,W,6,9,74,55,1024.3,1023.3,0,0,13.4,15.9,1,0.4,0
2338,30-05-2015,Adelaide,8.7,16.2,0.4,0,0,WNW,30,NNE,W,7,7,76,93,1024.1,1021,0,0,11.8,13.1,0,3.4,1
2339,31-05-2015,Adelaide,10.4,16.8,3.4,0,0,WSW,37,N,W,6,15,94,77,1020.1,1018.7,0,0,12.4,14.9,1,0.2,0
2340,01-06-2015,Adelaide,7.9,13.8,0.2,1.8,0,SW,20,N,E,4,6,76,45,1028.3,1027.3,0,0,10.4,12.6,0,0,0
2341,02-06-2015,Adelaide,2.9,14.2,0,1,0,NE,22,0,WSW,0,9,68,44,1030.5,1027.1,0,0,8.4,13,0,0,0
2342,03-06-2015,Adelaide,5.6,16,0,1.4,0,NNE,24,NNE,N,4,9,51,43,1024.5,1021,0,0,10.4,15.7,0,0.6,0
2343,04-06-2015,Adelaide,9.4,17.1,0.6,1.2,0,WSW,48,N,WSW,17,24,67,57,1017.7,1017.4,0,0,11.7,16.2,0,0.2,0
2344,05-06-2015,Adelaide,11.7,17.4,0.2,1.4,0,SW,31,S,WSW,2,9,75,64,1025.8,1026.2,0,0,13.5,17,0,0,0
2345,06-06-2015,Adelaide,6,20.9,0,0,0,N,22,NNE,N,2,13,80,44,1029.6,1025.8,0,0,11.4,20.3,0,0,0
2346,07-06-2015,Adelaide,11.3,17.3,0,0,0,N,31,NE,N,9,11,60,55,1024.4,1021.8,0,0,14.4,16.8,0,0,0
2347,08-06-2015,Adelaide,10.7,17.8,0,0,0,NW,28,NE,WNW,7,15,82,69,1022.3,1019.9,0,0,11.1,17.2,0,2.8,1
2348,09-06-2015,Adelaide,11,15.9,2.8,4.2,0,SSW,30,SW,S,9,11,70,41,1027.1,1028.5,0,0,12.5,13.9,1,0,0
2349,10-06-2015,Adelaide,8.7,13.9,0,1.6,0,E,30,0,ESE,0,7,68,45,1036.7,1035,0,0,10.5,13,0,0,0
2350,11-06-2015,Adelaide,4.4,14.2,0,1.6,0,ESE,22,S,E,4,7,69,50,1035.7,1032.3,0,0,9.5,13.8,0,0,0
2351,12-06-2015,Adelaide,4.2,19.6,0,1.2,0,NNE,24,NE,NW,7,7,67,40,1030.3,1027,0,0,12.1,19.4,0,0,0
2352,13-06-2015,Adelaide,10.3,19.9,0,0,0,NNE,24,NE,N,7,7,57,50,1026,1022.9,0,0,16.7,19.7,0,0,0
2353,14-06-2015,Adelaide,12.9,18.6,0,0,0,ENE,20,0,0,0,0,71,76,1023.5,1022,0,0,14.1,16.9,0,1.2,1
2354,15-06-2015,Adelaide,13.2,15.5,1.2,2.8,0,E,24,SSE,ENE,2,6,84,75,1021.5,1018.6,0,0,13.9,15.4,1,1.2,1
2355,16-06-2015,Adelaide,11.1,16.2,1.2,0.4,0,SSW,15,0,SW,0,11,89,78,1017.6,1015.2,0,0,13.2,15.4,1,0,0
2356,17-06-2015,Adelaide,9.7,16.9,0,0.4,0,WSW,24,0,SW,0,13,90,82,1017.7,1016.4,0,0,11.7,15,0,1,0
2357,18-06-2015,Adelaide,11.2,16.2,1,0.6,0,SE,33,SSE,SSE,9,9,80,62,1022.3,1021.9,0,0,12.5,14.6,0,0.2,0
2358,19-06-2015,Adelaide,5.3,15.3,0.2,0,0,ENE,20,SSE,ESE,2,9,95,60,1026.8,1025.8,0,0,9.6,14.1,0,0,0
2359,20-06-2015,Adelaide,5.3,14,0,0,0,E,19,0,NE,0,7,75,42,1029.1,1026.6,0,0,8.6,13.9,0,0.2,0
2360,21-06-2015,Adelaide,3.8,15,0.2,0,0,N,31,NNE,N,11,15,56,44,1026.6,1021.3,0,0,9.4,14.7,0,0.8,0
2361,22-06-2015,Adelaide,9.4,18.2,0.8,0,0,N,31,ENE,NE,7,13,78,40,1019.8,1013.5,0,0,10.4,18,0,3.4,1
2362,23-06-2015,Adelaide,10.4,17.7,3.4,0,0,W,35,NNW,NW,11,17,62,56,1016.1,1015.4,0,0,13,16.5,1,3.2,1
2363,24-06-2015,Adelaide,9.1,13.6,3.2,0,0,SSW,30,SW,SSW,4,17,92,81,1024.2,1025.9,0,0,11.1,12.1,1,0.4,0
2364,25-06-2015,Adelaide,8.5,14.1,0.4,0,0,SSW,24,SW,SW,7,7,71,61,1033.2,1032.4,0,0,11.8,13.9,0,0,0
2365,26-06-2015,Adelaide,11.1,15.7,0,0,0,N,24,NNE,NW,11,11,72,50,1034,1032.3,0,0,11.6,15.1,0,0,0
2366,27-06-2015,Adelaide,3.8,15.5,0,0,0,SW,19,0,WSW,0,11,88,65,1034.7,1032.5,0,0,7.4,14.3,0,0,0
2367,28-06-2015,Adelaide,5.4,16.2,0,0,0,ENE,17,0,NE,0,6,77,46,1035.4,1033.1,0,0,9.5,15.9,0,0,0
2368,29-06-2015,Adelaide,3,14.1,0,0,0,N,17,NE,SE,2,2,78,50,1033.8,1030.4,0,0,7.2,13.6,0,0,0
2369,30-06-2015,Adelaide,7.2,13.8,0,0,0,SW,17,ENE,SW,2,7,68,64,1031.3,1029.5,0,0,10.1,12.7,0,0,0
2370,01-07-2015,Adelaide,4.7,14.5,0,0,0,WSW,20,NE,WSW,6,13,78,48,1030.6,1027.6,0,0,8.8,13.1,0,0,0
2371,02-07-2015,Adelaide,8.8,16.4,0,0,0,W,28,NE,WSW,6,9,86,51,1029.2,1028.6,0,0,10.6,15.4,0,0,0
2372,03-07-2015,Adelaide,3.1,13.8,0,0,0,W,17,NE,NW,2,7,71,59,1029.6,1026.6,0,0,8.1,12.6,0,0,0
2373,04-07-2015,Adelaide,5.5,17.1,0,0,0,N,17,NE,NNW,7,9,68,53,1025,1022.1,0,0,11.4,15.5,0,0,0
2374,05-07-2015,Adelaide,4.9,17.3,0,0,0,NNW,24,NE,NW,7,11,67,46,1021.2,1017.8,0,0,11.2,17.2,0,6.2,1
2375,06-07-2015,Adelaide,9.6,15.9,6.2,0,0,WNW,31,NNE,WNW,7,11,87,78,1017,1016.8,0,0,10.8,14,1,4.8,1
2376,07-07-2015,Adelaide,10.8,15.1,4.8,0,0,W,26,WNW,SSE,9,6,94,88,1022.2,1021.7,0,0,12.5,13.2,1,1.4,1
2377,08-07-2015,Adelaide,6.9,16.6,1.4,0,0,N,28,NNE,NW,4,9,95,49,1025.2,1022.2,0,0,9.5,15.6,1,0,0
2378,09-07-2015,Adelaide,9.5,19.1,0,0,0,NNW,28,NNE,WNW,7,13,51,42,1021.3,1018,0,0,13,17.8,0,2.8,1
2379,10-07-2015,Adelaide,10.4,15.3,2.8,0,0,W,37,N,NW,11,17,69,81,1015.4,1012.9,0,0,11.9,14.1,1,18.6,1
2380,11-07-2015,Adelaide,6.3,11.8,18.6,0,0,SW,63,SW,WSW,13,19,88,67,1009.3,1009,0,0,6.3,11.7,1,5,1
2381,12-07-2015,Adelaide,5.9,12.2,5,0,0,SSW,52,SSW,SSW,17,13,68,76,1018.3,1020.1,0,0,10.2,10.4,1,3.6,1
2382,13-07-2015,Adelaide,8.7,14.7,3.6,0,0,WSW,39,SW,WSW,15,15,89,73,1022.7,1020.7,0,0,11.3,13.8,1,1.2,1
2383,14-07-2015,Adelaide,9.5,13.6,1.2,0,0,SW,54,NW,SW,7,24,90,65,1017.9,1016,0,0,11.1,11.5,1,6.4,1
2384,15-07-2015,Adelaide,5.4,13.2,6.4,0,0,SSE,39,0,S,0,15,81,62,1019.7,1020.1,0,0,8.8,12.8,1,1.4,1
2385,16-07-2015,Adelaide,6.9,14.3,1.4,0,0,S,28,SW,S,6,11,69,62,1027.8,1026.8,0,0,10,13.2,1,0,0
2386,17-07-2015,Adelaide,5.7,12.8,0,0,0,SW,28,0,SW,0,11,79,65,1029.7,1029.1,0,0,9.3,12,0,0,0
2387,18-07-2015,Adelaide,5.6,14,0,0,0,E,22,0,SW,0,13,85,57,1033.2,1031.4,0,0,8.6,12.6,0,0,0
2388,19-07-2015,Adelaide,2.2,12.6,0,0,0,N,20,0,E,0,7,61,42,1034.1,1030.8,0,0,7.8,11.5,0,0,0
2389,20-07-2015,Adelaide,1.8,13.3,0,0,0,N,30,NNE,NNW,9,11,51,40,1030.1,1026.2,0,0,8.2,12.8,0,0,0
2390,21-07-2015,Adelaide,7.8,13.7,0,0,0,N,50,NNE,NNE,13,20,47,46,1020.9,1014.7,0,0,11.3,13.2,0,3.8,1
2391,22-07-2015,Adelaide,8.7,16.1,3.8,0,0,SW,33,NNE,WSW,7,13,90,62,1021,1021.9,0,0,9.3,15.1,1,1.2,1
2392,23-07-2015,Adelaide,3.3,18,1.2,0,0,NE,28,NE,NNE,2,11,74,45,1022.7,1016.6,0,0,9.9,17.2,1,1.2,1
2393,24-07-2015,Adelaide,9.9,15.6,1.2,0,0,SW,43,NNW,WNW,13,19,86,62,1014.3,1013.4,0,0,11.2,14.5,1,1.8,1
2394,25-07-2015,Adelaide,9.3,15,1.8,0,0,WSW,44,N,NNW,9,15,91,70,1017.9,1014.7,0,0,10.5,14.4,1,11.2,1
2395,26-07-2015,Adelaide,7.8,12.4,11.2,0,0,SW,46,WSW,SW,15,17,56,54,1022.8,1025,0,0,10.5,11.3,1,1,0
2396,27-07-2015,Adelaide,3.1,13.7,1,0,0,WSW,24,NNE,SW,4,13,86,61,1035.1,1034.7,0,0,6.9,12.1,0,1.8,1
2397,28-07-2015,Adelaide,6.9,12.5,1.8,0,0,NE,15,N,SE,7,2,86,64,1038,1035.1,0,0,8.6,12.1,1,0,0
2398,29-07-2015,Adelaide,6.8,13.8,0,0,0,N,28,N,N,11,13,54,44,1031.9,1026.6,0,0,9.9,13.4,0,0.2,0
2399,30-07-2015,Adelaide,9.5,14.8,0.2,0,0,NW,46,N,NW,19,19,44,75,1019.6,1018.6,0,0,11.6,13.1,0,0,0
2400,31-07-2015,Adelaide,3.3,16.1,0,0,0,N,28,NE,NNW,4,11,80,55,1022.1,1016.1,0,0,7.7,15.7,0,11,1
2401,01-08-2015,Adelaide,7.7,11.5,11,0,0,WSW,37,SSW,0,7,0,95,83,1016,1016.1,0,0,10.8,11.3,1,7,1
2402,02-08-2015,Adelaide,8.1,14.4,7,0,0,WSW,35,W,W,9,19,80,69,1020.3,1020.2,0,0,10.9,13.4,1,2.6,1
2403,03-08-2015,Adelaide,10.1,14,2.6,0,0,WSW,41,SSW,SW,19,19,74,69,1025.4,1025.6,0,0,11.2,11.8,1,0.6,0
2404,04-08-2015,Adelaide,6.5,13.3,0.6,0,0,WNW,33,N,W,7,9,90,77,1028.1,1025.3,0,0,8.4,12,0,4.2,1
2405,05-08-2015,Adelaide,8.3,13.9,4.2,0,0,WSW,41,SW,WSW,15,20,81,65,1022,1021.6,0,0,11.2,13.2,1,1.2,1
2406,06-08-2015,Adelaide,7.7,13.3,1.2,0,0,WSW,26,SSW,SW,7,13,88,70,1026.5,1026.1,0,0,10.3,12.4,1,0.6,0
2407,07-08-2015,Adelaide,9.3,11.4,0.6,0,0,WNW,17,N,WNW,7,7,89,78,1029.4,1027.6,0,0,10,11,0,0,0
2408,08-08-2015,Adelaide,3.3,16.7,0,0,0,N,28,N,NW,2,11,76,49,1025.6,1021.3,0,0,9.3,15.7,0,0.2,0
2409,09-08-2015,Adelaide,8.8,19.2,0.2,0,0,NNW,44,NE,N,9,17,43,34,1017.4,1010.6,0,0,13.4,19,0,0,0
2410,10-08-2015,Adelaide,10.4,15.7,0,0,0,WNW,44,WNW,W,17,19,79,59,1013.2,1013.1,0,0,12.3,14.6,0,2.6,1
2411,11-08-2015,Adelaide,7.4,16.2,2.6,0,0,N,50,N,WNW,17,26,65,84,1009.5,1004.8,0,0,11.4,10.1,1,5.8,1
2412,12-08-2015,Adelaide,7,14.5,5.8,0,0,WSW,59,SW,SW,17,26,83,64,1010,1014.9,0,0,10.6,13.5,1,4,1
2413,13-08-2015,Adelaide,10.5,15.7,4,0,0,W,26,WNW,WNW,11,11,97,68,1023.6,1023.2,0,0,11.6,15.1,1,1.2,1
2414,14-08-2015,Adelaide,11.3,15.4,1.2,0,0,W,20,N,WNW,6,9,95,76,1028.4,1027.7,0,0,12.2,15.1,1,1.4,1
2415,15-08-2015,Adelaide,10.9,14.5,1.4,0,0,W,15,N,SW,7,7,92,81,1033,1031.2,0,0,12.2,13.4,1,0,0
2416,16-08-2015,Adelaide,6.9,15.7,0,0,0,WSW,20,NNE,WSW,4,11,90,58,1029.6,1026,0,0,9.6,14.9,0,0,0
2417,17-08-2015,Adelaide,9.3,15.5,0,0,0,SW,31,NNW,SW,6,17,90,55,1024.3,1022.5,0,0,12.1,14.4,0,0.4,0
2418,18-08-2015,Adelaide,8.8,14.3,0.4,0,0,WSW,13,SSW,W,6,4,60,48,1024.5,1022.7,0,0,11.1,14.1,0,0,0
2419,19-08-2015,Adelaide,8.5,19.1,0,0,0,NNE,30,NE,NE,9,11,51,51,1022.2,1018.5,0,0,12.5,16.9,0,0,0
2420,20-08-2015,Adelaide,12.5,22.9,0,0,0,NNE,50,NNE,NNE,20,19,25,31,1016.2,1012.8,0,0,19,20.6,0,3,1
2421,21-08-2015,Adelaide,12.7,20.8,3,0,0,N,37,N,NW,7,19,78,48,1012.9,1010.6,0,0,14.1,19.5,1,0.6,0
2422,22-08-2015,Adelaide,9.6,18.4,0.6,0,0,N,22,N,WNW,9,13,97,53,1018.2,1017.1,0,0,11.2,17.8,0,0,0
2423,23-08-2015,Adelaide,6,17.4,0,0,0,ESE,44,N,ESE,2,15,67,56,1019.8,1017.8,0,0,13.5,15.5,0,0,0
2424,24-08-2015,Adelaide,9.2,14.3,0,0,0,SE,48,SE,SSE,17,19,64,42,1024.7,1024.1,0,0,9.9,13.4,0,0,0
2425,25-08-2015,Adelaide,8.6,15.2,0,0,0,SE,35,SSE,S,11,13,50,35,1028.9,1026.1,0,0,11.9,14.5,0,0,0
2426,26-08-2015,Adelaide,8.9,16,0,0,0,SW,31,0,SSW,0,13,65,40,1025.6,1023.4,0,0,11.5,14.3,0,0.6,0
2427,27-08-2015,Adelaide,4.6,14.3,0.6,0,0,SW,26,N,SSW,2,9,85,81,1026.4,1025.8,0,0,9.1,12,0,1.4,1
2428,28-08-2015,Adelaide,6.2,14,1.4,0,0,S,24,ESE,SSE,6,9,68,62,1030,1027.6,0,0,12.3,13.1,1,0,0
2429,29-08-2015,Adelaide,4.4,14.5,0,0,0,E,20,SE,ESE,9,7,66,46,1029,1026.6,0,0,11,13.4,0,0,0
2430,30-08-2015,Adelaide,6.8,16.9,0,0,0,E,26,ENE,SW,7,4,41,39,1026.7,1023,0,0,12.7,16.5,0,0,0
2431,31-08-2015,Adelaide,4.1,19.9,0,0,0,W,20,NE,NNW,7,7,42,29,1021.4,1017.9,0,0,14,19.2,0,0.4,0
2432,01-09-2015,Adelaide,9.5,20.2,0.4,0,0,N,39,NE,NNE,11,19,40,32,1013.6,1009.6,0,0,16.6,18.7,0,8.4,1
2433,02-09-2015,Adelaide,10.6,14,8.4,0,0,N,39,N,NNE,19,11,72,92,1005.7,1001.1,0,0,12.4,11.2,1,10.8,1
2434,03-09-2015,Adelaide,9.5,15.8,10.8,0,0,SW,35,SSW,SSW,13,13,74,67,1020,1022.1,0,0,13.9,15.1,1,0,0
2435,04-09-2015,Adelaide,6.5,14.1,0,0,0,WSW,19,0,WSW,0,11,64,63,1028.8,1026,0,0,11.7,12.9,0,0,0
2436,05-09-2015,Adelaide,4.3,18.1,0,0,0,N,26,NNE,N,6,11,55,42,1025.4,1020.8,0,0,12.8,17.6,0,0,0
2437,06-09-2015,Adelaide,10.9,16.8,0,0,0,WSW,57,NNE,W,17,24,56,45,1015.3,1017.2,0,0,15.3,15.4,0,1,0
2438,07-09-2015,Adelaide,9.5,15.1,1,0,0,WSW,39,SW,WSW,19,17,48,50,1025.7,1025.5,0,0,12.3,14.4,0,2.8,1
2439,08-09-2015,Adelaide,11.5,16.5,2.8,0,0,WSW,33,WSW,SW,15,17,86,68,1027.4,1026.8,0,0,13.4,15.6,1,1.8,1
2440,09-09-2015,Adelaide,10.8,15.2,1.8,0,0,WSW,20,SSW,WSW,7,15,90,76,1032.7,1030.9,0,0,12.1,14.5,1,0,0
2441,10-09-2015,Adelaide,5.5,20.2,0,0,0,N,26,NE,WNW,7,7,58,38,1034.1,1029.2,0,0,13.3,19.6,0,0,0
2442,11-09-2015,Adelaide,10.5,24.8,0,0,0,NNW,37,N,NW,17,17,48,26,1026.3,1022.9,0,0,18.3,24.4,0,0,0
2443,12-09-2015,Adelaide,15.5,27.1,0,0,0,NNW,28,N,NNW,11,13,31,26,1024.4,1021.5,0,0,21.5,27,0,0,0
2444,13-09-2015,Adelaide,17.1,29.1,0,0,0,N,39,NNE,NNE,13,17,19,16,1020.2,1015.8,0,0,24.2,29,0,0,0
2445,14-09-2015,Adelaide,14.7,19.9,0,0,0,W,35,NW,W,6,17,55,64,1014.8,1014.9,0,0,17.9,17.2,0,1.4,1
2446,15-09-2015,Adelaide,9.4,17.1,1.4,0,0,WSW,26,SW,WSW,13,7,60,45,1020.7,1020,0,0,12.9,15.4,1,0.2,0
2447,16-09-2015,Adelaide,7.2,19.2,0.2,0,0,E,31,NE,SE,9,6,52,95,1018.7,1018.1,0,0,14.3,9.1,0,22.4,1
2448,17-09-2015,Adelaide,6.5,17.4,22.4,0,0,WSW,33,SW,SW,7,15,67,55,1027.9,1027.9,0,0,14.1,17.2,1,0,0
2449,18-09-2015,Adelaide,7.2,17.2,0,0,0,WSW,28,0,WSW,0,15,71,52,1031.7,1027.8,0,0,11.5,15.9,0,0,0
2450,19-09-2015,Adelaide,5.8,21.1,0,0,0,W,24,N,W,7,9,60,33,1024.5,1020.3,0,0,14.9,20.9,0,0,0
2451,20-09-2015,Adelaide,8.2,25.3,0,0,0,WNW,48,N,NW,11,19,30,17,1018.7,1014.9,0,0,19.8,24.5,0,1.8,1
2452,21-09-2015,Adelaide,9.8,16.4,1.8,0,0,SW,39,SW,WSW,19,15,47,50,1024.3,1024.6,0,0,13.2,15.5,1,1.2,1
2453,22-09-2015,Adelaide,8.2,16,1.2,0,0,SSE,33,SSE,SSE,13,13,45,38,1032.2,1031.9,0,0,13,15.4,1,0,0
2454,23-09-2015,Adelaide,5.8,16.2,0,0,0,SSE,35,E,SSE,11,11,43,39,1038.3,1034.7,0,0,11.8,15.6,0,0,0
2455,24-09-2015,Adelaide,7.2,16.1,0,0,0,E,30,SSE,SE,13,11,50,43,1035.8,1031,0,0,11.8,15.3,0,0,0
2456,25-09-2015,Adelaide,10.6,20,0,0,0,E,37,ENE,E,9,11,40,32,1032.4,1028.2,0,0,16.1,19.6,0,0,0
2457,26-09-2015,Adelaide,7.1,22.4,0,0,0,WSW,28,NE,SW,7,17,27,23,1029.1,1025.4,0,0,18.1,21.4,0,0,0
2458,27-09-2015,Adelaide,7.4,24.7,0,0,0,WSW,24,NNE,WSW,4,11,33,20,1024.5,1021.5,0,0,18.2,24.3,0,0,0
2459,28-09-2015,Adelaide,10.2,19.6,0,0,0,WSW,35,N,SW,7,20,53,52,1020.8,1018.9,0,0,14.7,18,0,0,0
2460,29-09-2015,Adelaide,5,18,0,0,0,WSW,39,SSE,S,7,11,44,37,1022.3,1019.9,0,0,12.4,17.5,0,0,0
2461,30-09-2015,Adelaide,7.4,22.4,0,0,0,SSE,52,ENE,WSW,9,11,50,35,1024.5,1021.6,0,0,15.8,21.3,0,0,0
2462,01-10-2015,Adelaide,7.8,24.4,0,0,0,WSW,22,N,WSW,9,15,35,23,1028.4,1028.6,0,0,19.1,23.8,0,0,0
2463,02-10-2015,Adelaide,8.8,31.1,0,0,0,W,30,NE,WNW,9,11,32,15,1031.7,1027.9,0,0,22.3,30.7,0,0,0
2464,03-10-2015,Adelaide,15.2,33.4,0,0,0,NW,41,N,NW,17,20,12,4,1026.5,1021.4,0,0,27.1,32.7,0,0,0
2465,04-10-2015,Adelaide,15.4,29.7,0,0,0,WNW,20,0,WNW,0,9,44,22,1024,1022.4,0,0,18.3,27.4,0,0,0
2466,05-10-2015,Adelaide,14.5,35.6,0,0,0,NNW,46,NE,NW,9,22,16,65,1019.4,1015.3,0,0,27.6,35.1,0,0,0
2467,06-10-2015,Adelaide,18.1,23.8,0,0,0,SW,44,SW,SW,11,26,61,49,1017.1,1022.4,0,0,19.9,19.3,0,0,0
2468,07-10-2015,Adelaide,11.5,21.1,0,0,0,E,39,ESE,ESE,11,15,54,24,1035.3,1031.9,0,0,13.1,20,0,0,0
2469,08-10-2015,Adelaide,12.9,29.7,0,0,0,ESE,30,ESE,NNW,9,11,40,21,1032.3,1026.6,0,0,17.4,28.6,0,0,0
2470,09-10-2015,Adelaide,15,34.7,0,0,0,WSW,24,0,WNW,0,9,34,18,1026.3,1022.9,0,0,24.5,33.8,0,0,0
2471,10-10-2015,Adelaide,18.2,29,0,0,0,WSW,41,S,ESE,7,9,41,31,1024.5,1022.3,0,0,24.8,26.3,0,0,0
2472,11-10-2015,Adelaide,14.2,21.1,0,0,0,W,28,WNW,SSW,7,9,89,57,1021.4,1019.4,0,0,14.8,20,0,0.2,0
2473,12-10-2015,Adelaide,12.7,19.8,0.2,0,0,WSW,37,SSE,SW,9,17,55,51,1023.4,1021.9,0,0,15.1,18.8,0,0,0
2474,13-10-2015,Adelaide,9.1,21.7,0,0,0,SW,28,SSE,SW,7,15,55,43,1025.5,1022,0,0,14.6,20.3,0,0,0
2475,14-10-2015,Adelaide,8,30.4,0,0,0,W,26,NW,W,6,11,49,20,1021.7,1017.6,0,0,16.2,29.3,0,0,0
2476,15-10-2015,Adelaide,16.1,36.1,0,0,0,WNW,39,NE,WNW,7,19,17,10,1015.2,1012.6,0,0,28.3,35.8,0,1,0
2477,16-10-2015,Adelaide,17.5,21,1,0,0,SW,26,SE,NNW,4,2,69,61,1021.6,1020.8,0,0,18.9,20.7,0,2.8,1
2478,17-10-2015,Adelaide,13.6,24.6,2.8,0,0,ESE,24,SSE,E,7,6,66,28,1026.3,1025.4,0,0,16,24.4,1,0.2,0
2479,18-10-2015,Adelaide,11.8,29.6,0.2,0,0,ENE,31,E,NNE,15,7,42,21,1026.6,1023.8,0,0,18.9,27.8,0,0,0
2480,19-10-2015,Adelaide,18.9,32.5,0,0,0,SW,43,NE,WSW,11,19,21,31,1020.1,1018.5,0,0,26.6,30.9,0,0,0
2481,20-10-2015,Adelaide,22.1,24.8,0,0,0,W,43,WNW,WNW,9,13,51,66,1013.1,1012.7,0,0,23.7,20.4,0,4.8,1
2482,21-10-2015,Adelaide,14.7,19.4,4.8,0,0,WSW,43,SSW,WSW,13,20,81,58,1018.2,1019.3,0,0,16.5,18.9,1,0,0
2483,22-10-2015,Adelaide,12.4,19.9,0,0,0,E,31,SE,SE,13,11,56,42,1024.5,1022.5,0,0,13.3,19.1,0,0,0
2484,23-10-2015,Adelaide,8.9,24.3,0,0,0,WSW,24,E,SW,6,11,47,33,1023.9,1019.5,0,0,14.1,23.6,0,0,0
2485,24-10-2015,Adelaide,12.5,33.1,0,0,0,NW,20,NNE,NNW,6,7,33,16,1018.9,1014.4,0,0,21.1,31.9,0,0,0
2486,25-10-2015,Adelaide,21.1,24.8,0,0,0,SW,37,SW,WSW,7,15,48,59,1014.7,1016.4,0,0,22.9,21.3,0,0,0
2487,26-10-2015,Adelaide,13.6,21.1,0,0,0,SSE,35,S,SE,15,13,69,44,1023.9,1023,0,0,14.7,20.5,0,0,0
2488,27-10-2015,Adelaide,10.6,25.1,0,0,0,ESE,33,SSE,WSW,4,11,46,34,1024.4,1020.3,0,0,15.6,24.5,0,0,0
2489,28-10-2015,Adelaide,14,28.1,0,0,0,SSW,26,0,SW,0,11,45,28,1019.4,1017.8,0,0,19,26.3,0,0,0
2490,29-10-2015,Adelaide,13.7,33.9,0,0,0,WSW,35,0,WSW,0,13,41,28,1017.6,1014.2,0,0,23.5,32.6,0,0,0
2491,30-10-2015,Adelaide,16.6,28.1,0,0,0,WSW,24,N,WNW,11,11,73,31,1016.1,1014.2,0,0,19.5,26.1,0,0,0
2492,31-10-2015,Adelaide,15,28,0,0,0,SW,22,NNW,WSW,7,11,73,22,1013.7,1010.7,0,0,18.3,26.7,0,0.4,0
2493,01-11-2015,Adelaide,15.5,25.2,0.4,0,0,WSW,28,0,SW,0,13,68,21,1010.3,1009.7,0,0,18.5,24.1,0,0,0
2494,02-11-2015,Adelaide,15.5,23.6,0,0,0,WSW,30,NNW,WSW,9,13,74,47,1014,1014.2,0,0,17.8,22,0,0,0
2495,03-11-2015,Adelaide,15.8,28.2,0,0,0,W,31,E,ENE,11,15,54,33,1013.1,1009.3,0,0,18.5,26.8,0,4.8,1
2496,04-11-2015,Adelaide,18.4,25.9,4.8,0,0,E,33,N,WSW,13,7,72,51,1007.9,1005.2,0,0,22.2,25.6,1,2.2,1
2497,05-11-2015,Adelaide,15.5,20.9,2.2,0,0,WSW,28,WNW,SW,7,15,79,67,1008.5,1008.9,0,0,17.4,19.4,1,0.8,0
2498,06-11-2015,Adelaide,14.4,22.1,0.8,0,0,SSW,30,WSW,SW,13,13,90,56,1016,1015.5,0,0,15.1,20.4,0,0.2,0
2499,07-11-2015,Adelaide,9.3,28.3,0.2,0,0,SW,24,0,WSW,0,13,47,26,1020.8,1018.6,0,0,17.3,28,0,0,0
2500,08-11-2015,Adelaide,15,35.8,0,0,0,WSW,26,NW,WSW,4,6,38,15,1020.3,1018.2,0,0,25.2,35,0,0,0
2501,09-11-2015,Adelaide,20.5,36.7,0,0,0,SE,50,NNE,W,9,11,17,18,1016.5,1013.8,0,0,30.6,36.5,0,0.2,0
2502,10-11-2015,Adelaide,19.1,26,0.2,0,0,SE,46,WSW,SSE,7,9,51,47,1016.9,1016.5,0,0,22.6,24.4,0,0,0
2503,11-11-2015,Adelaide,15.7,27,0,0,0,NNE,20,ENE,NE,2,6,56,37,1018.1,1015.6,0,0,18.1,25.9,0,0,0
2504,12-11-2015,Adelaide,15.4,27.5,0,0,0,SSW,37,WNW,WSW,6,20,46,42,1016.1,1015.5,0,0,22.6,25.5,0,0,0
2505,13-11-2015,Adelaide,11,22.1,0,0,0,SSE,39,SSE,SSE,9,17,43,42,1020.6,1019,0,0,18.1,20.3,0,0,0
2506,14-11-2015,Adelaide,10.6,22.1,0,0,0,SSW,35,S,WSW,7,17,51,52,1022.2,1020.2,0,0,16.8,20.7,0,0,0
2507,15-11-2015,Adelaide,12.1,25,0,0,0,S,28,NE,E,6,11,52,31,1022.1,1018,0,0,15.5,23.6,0,0,0
2508,16-11-2015,Adelaide,11.1,31.3,0,0,0,W,28,W,W,2,9,43,19,1016.7,1013.7,0,0,20.1,30.4,0,0,0
2509,17-11-2015,Adelaide,14.3,35.7,0,0,0,WSW,31,NNE,W,9,17,22,14,1013.6,1011.7,0,0,26.4,35.1,0,0,0
2510,18-11-2015,Adelaide,17.3,40.1,0,0,0,SW,43,NNE,WNW,13,17,17,12,1012.5,1009.8,0,0,30.6,39.4,0,0,0
2511,19-11-2015,Adelaide,22.4,37.4,0,0,0,S,43,SW,WSW,11,19,55,36,1015,1011,0,0,26.3,32.3,0,0,0
2512,21-11-2015,Adelaide,0,0,0,0,0,0,0,0,SW,0,22,0,40,0,1023.3,0,0,0,21.5,0,0,0
2513,22-11-2015,Adelaide,10.3,20.9,0,0,0,SSW,41,SW,WSW,6,19,51,46,1023.2,1020.1,0,0,15.9,19.3,0,0,0
2514,23-11-2015,Adelaide,13.9,23.2,0,0,0,WSW,35,SSW,WSW,9,17,51,36,1021.8,1020.3,0,0,17.3,22.4,0,0,0
2515,24-11-2015,Adelaide,10.6,28.9,0,0,0,WSW,24,NNW,WSW,9,9,57,22,1019.4,1015.2,0,0,17.2,27.4,0,0,0
2516,25-11-2015,Adelaide,16,31.9,0,0,0,NNW,48,N,SSW,19,17,15,40,1003.6,1001.3,0,0,28.7,24.9,0,1,0
2517,26-11-2015,Adelaide,12.3,19.5,1,0,0,WSW,48,SW,SW,19,22,40,36,1015.5,1017.7,0,0,14.9,18.7,0,0.2,0
2518,27-11-2015,Adelaide,8.4,21.5,0.2,0,0,SSW,31,WSW,SW,9,13,45,41,1021.3,1019.9,0,0,16.1,19.1,0,0,0
2519,28-11-2015,Adelaide,9.8,23.6,0,0,0,WSW,28,N,SW,6,15,46,34,1019.2,1017.3,0,0,17.5,22.2,0,0,0
2520,29-11-2015,Adelaide,12.6,28.8,0,0,0,WSW,24,SE,SW,4,13,51,39,1016.8,1013.9,0,0,18.2,24.5,0,0,0
2521,30-11-2015,Adelaide,17.9,34.7,0,0,0,NNW,46,NNE,SW,19,22,25,57,1003.6,1004.1,0,0,28.1,24,0,0,0
2522,01-12-2015,Adelaide,14.8,19.7,0,0,0,SSW,50,WNW,SSW,19,17,67,65,1012.9,1016.3,0,0,16.8,15.9,0,0.6,0
2523,02-12-2015,Adelaide,7.9,21,0.6,0,0,WSW,39,SSE,SW,9,20,43,42,1025.9,1026.3,0,0,15.5,19.5,0,0,0
2524,03-12-2015,Adelaide,9.9,28.3,0,0,0,WSW,30,ENE,SW,9,15,39,24,1027,1023.4,0,0,18.3,27.2,0,0,0
2525,04-12-2015,Adelaide,15,34.8,0,0,0,WNW,30,NNE,SW,9,15,22,17,1020.6,1016.5,0,0,26.9,34,0,0,0
2526,05-12-2015,Adelaide,20.7,40.2,0,0,0,SE,31,NE,WSW,9,13,18,13,1015.3,1012.1,0,0,33.4,38.6,0,0,0
2527,06-12-2015,Adelaide,26.6,41.5,0,0,0,ESE,52,NNE,SW,9,17,18,16,1011.8,1008.5,0,0,34.6,40.7,0,0,0
2528,07-12-2015,Adelaide,30.7,38.5,0,0,0,ESE,57,E,WNW,19,13,19,21,1004.8,1005.1,0,0,34.3,37.1,0,5.8,1
2529,08-12-2015,Adelaide,18.4,26.4,5.8,0,0,SSW,44,NNW,W,17,20,66,49,1011.2,1011.9,0,0,21.9,24.5,1,0.2,0
2530,09-12-2015,Adelaide,17.7,26.1,0.2,0,0,SSW,28,SW,W,13,11,63,46,1017.5,1016.9,0,0,20.9,24.6,0,0,0
2531,10-12-2015,Adelaide,14.1,26.3,0,0,0,WSW,35,NW,WSW,7,19,56,42,1016.8,1015.1,0,0,19.9,25.2,0,0,0
2532,12-12-2015,Adelaide,10,23.7,0,0,0,WSW,33,0,SW,0,15,0,48,0,1017.2,0,0,0,21.4,0,0,0
2533,13-12-2015,Adelaide,13.1,32.8,0,0,0,W,30,SW,W,2,11,45,42,1014.4,1011.8,0,0,20.6,32.4,0,0,0
2534,14-12-2015,Adelaide,17,37.2,0,0,0,SW,33,N,SW,2,11,52,13,1012.2,1010.5,0,0,29.4,35.6,0,0,0
2535,15-12-2015,Adelaide,22,36.2,0,0,0,E,35,N,SSW,7,9,32,28,1013.7,1011.8,0,0,27.6,31.4,0,0.2,0
2536,16-12-2015,Adelaide,23.9,41.1,0.2,0,0,SSE,30,WNW,WSW,7,15,32,13,1012.4,1009.8,0,0,31.3,40.4,0,0,0
2537,17-12-2015,Adelaide,24.5,42.9,0,0,0,E,35,NNE,NW,11,13,16,11,1009.9,1007.9,0,0,34.9,41.4,0,0,0
2538,18-12-2015,Adelaide,23.7,40.8,0,0,0,ESE,33,W,WSW,6,9,42,16,1008.9,1006.3,0,0,30,39.7,0,0,0
2539,19-12-2015,Adelaide,26.8,43.2,0,0,0,N,50,NNE,W,11,19,15,12,1004.8,1001.6,0,0,37.5,41.4,0,2.8,1
2540,20-12-2015,Adelaide,19.7,23.5,2.8,0,0,WSW,37,SW,SW,13,7,93,69,1008.6,1012.5,0,0,19.9,20.8,1,2,1
2541,21-12-2015,Adelaide,15.1,24.3,2,0,0,S,28,ESE,ESE,9,9,56,42,1021.8,1020.7,0,0,18.3,22.1,1,0,0
2542,22-12-2015,Adelaide,14.2,31.9,0,0,0,WNW,35,ENE,E,11,7,37,18,1020.6,1017.3,0,0,22.1,29.2,0,0,0
2543,23-12-2015,Adelaide,16.8,34.5,0,0,0,WSW,33,SE,WSW,7,15,31,13,1017,1013.6,0,0,24.4,34.2,0,0,0
2544,24-12-2015,Adelaide,18.1,39.1,0,0,0,SW,28,WNW,SW,4,17,22,10,1011.8,1007.9,0,0,28.5,37.7,0,0,0
2545,25-12-2015,Adelaide,24.8,37.2,0,0,0,SW,46,N,WNW,15,13,19,17,1004.8,1001.3,0,0,31.5,34.9,0,1.4,1
2546,26-12-2015,Adelaide,14.7,23.8,1.4,0,0,W,50,SSW,SSW,15,19,47,35,1014.2,1016.1,0,0,18,21.9,1,0,0
2547,27-12-2015,Adelaide,11.4,25.9,0,0,0,ENE,37,ESE,SE,9,13,44,19,1024.9,1022.4,0,0,17.2,24.6,0,0,0
2548,28-12-2015,Adelaide,16,29.4,0,0,0,SE,43,SE,SW,9,19,35,30,1024.9,1021.7,0,0,21.5,26.4,0,0,0
2549,29-12-2015,Adelaide,17,34.4,0,0,0,SW,31,WSW,WSW,6,15,33,15,1020.9,1017.3,0,0,25.7,32.8,0,0,0
2550,30-12-2015,Adelaide,21.5,38.1,0,0,0,NNE,26,NNE,WNW,11,11,16,10,1013.5,1011.5,0,0,30.8,36.9,0,0,0
2551,31-12-2015,Adelaide,20.7,40.6,0,0,0,WSW,31,NE,WSW,7,15,12,10,1011.6,1010,0,0,32.5,39.2,0,0,0
2552,01-01-2016,Adelaide,21.7,35,0,0,0,WNW,31,SSE,W,2,19,31,24,1014,1012.6,0,0,27.4,34.1,0,0,0
2553,02-01-2016,Adelaide,17.1,26.6,0,0,0,SE,35,SSE,SE,11,17,52,34,1016.3,1013.1,0,0,19.9,25.8,0,0,0
2554,03-01-2016,Adelaide,15.5,29.3,0,0,0,W,43,SSE,S,9,13,60,39,1014.5,1012.3,0,0,21.4,28.3,0,0,0
2555,04-01-2016,Adelaide,18,31.8,0,0,0,SE,33,SSE,SE,6,11,48,27,1016.3,1013.5,0,0,23.5,30.6,0,0,0
2556,05-01-2016,Adelaide,17.1,30.2,0,0,0,WSW,30,WNW,SW,4,15,49,34,1016,1014.5,0,0,23,28.9,0,0,0
2557,06-01-2016,Adelaide,17.5,29.7,0,0,0,SE,37,SE,S,7,15,49,27,1018.5,1016.9,0,0,21.7,28.8,0,0,0
2558,07-01-2016,Adelaide,17.4,30.9,0,0,0,E,39,S,S,2,13,55,26,1020.5,1019.8,0,0,21.4,29.6,0,0,0
2559,08-01-2016,Adelaide,13.8,31.1,0,0,0,WSW,26,SSW,WSW,4,15,50,25,1023.5,1020.2,0,0,20,30,0,0,0
2560,09-01-2016,Adelaide,16.3,34.8,0,0,0,WSW,22,0,WSW,0,15,45,13,1020.2,1017.7,0,0,22.9,33.8,0,0,0
2561,10-01-2016,Adelaide,19.3,37.6,0,0,0,NNW,28,0,E,0,6,29,14,1015.5,1013,0,0,27.4,34.8,0,0,0
2562,11-01-2016,Adelaide,22.4,37.9,0,0,0,SSW,33,NNE,W,7,9,23,21,1007.7,1007.3,0,0,32.7,36.8,0,0.2,0
2563,12-01-2016,Adelaide,22.5,39.8,0.2,0,0,W,24,E,W,7,11,37,21,1010.9,1009.2,0,0,30.2,38.2,0,0,0
2564,13-01-2016,Adelaide,23.2,35.1,0,0,0,WSW,43,NE,W,9,11,30,28,1009.3,1009.9,0,0,29.8,35,0,0,0
2565,14-01-2016,Adelaide,17.3,23.7,0,0,0,SSE,41,S,SE,15,17,55,33,1023,1024.8,0,0,18.1,21.1,0,0,0
2566,15-01-2016,Adelaide,13.5,25.7,0,0,0,ENE,35,E,SE,4,13,38,19,1031.7,1027.3,0,0,16.7,25.5,0,0,0
2567,16-01-2016,Adelaide,15.8,30.1,0,0,0,E,35,SE,WSW,6,17,42,24,1026,1022,0,0,19,28.9,0,0,0
2568,17-01-2016,Adelaide,15.9,36.6,0,0,0,WNW,28,SW,WSW,6,15,30,11,1018.9,1015.9,0,0,24.7,34.9,0,0,0
2569,18-01-2016,Adelaide,19,38.5,0,0,0,WSW,28,0,W,0,13,23,12,1014.2,1012.3,0,0,28.5,38.2,0,0,0
2570,19-01-2016,Adelaide,21.7,35.9,0,0,0,NW,37,NNE,NW,11,13,14,24,1011.2,1009.8,0,0,31.6,34.4,0,0.4,0
2571,20-01-2016,Adelaide,24.3,34.3,0.4,0,0,SW,31,WSW,WSW,15,17,58,40,1009.9,1009,0,0,28.1,33.5,0,0.2,0
2572,21-01-2016,Adelaide,23.8,36.7,0.2,0,0,W,26,SE,WSW,6,9,46,25,1010,1008,0,0,25.9,35.7,0,8,1
2573,22-01-2016,Adelaide,21.5,29.9,8,0,0,WSW,61,N,ESE,9,9,77,93,1008.9,1008.7,0,0,24.5,20.4,1,7.6,1
2574,23-01-2016,Adelaide,18.7,25.9,7.6,0,0,W,37,SSE,WSW,11,17,61,48,1016.1,1015.9,0,0,21,25,1,0,0
2575,24-01-2016,Adelaide,15.2,28.5,0,0,0,S,37,ESE,SSE,2,11,64,34,1017.2,1013.9,0,0,19.3,27.1,0,0,0
2576,25-01-2016,Adelaide,15.5,30,0,0,0,SE,28,SE,S,9,11,61,29,1016.9,1014.7,0,0,20.8,30,0,0,0
2577,26-01-2016,Adelaide,17.5,33.3,0,0,0,SW,31,SW,WSW,6,13,39,24,1015.7,1012,0,0,23.7,32,0,0,0
2578,27-01-2016,Adelaide,21.5,33.1,0,0,0,SW,37,N,SW,6,19,26,28,1009.4,1008,0,0,26.6,29.2,0,0,0
2579,28-01-2016,Adelaide,18.3,25.9,0,0,0,WSW,57,WSW,SW,11,20,60,66,1010.1,1008.4,0,0,20.8,21.1,0,17.8,1
2580,29-01-2016,Adelaide,12.6,19.5,17.8,0,0,W,50,SSW,W,6,15,86,54,1008.2,1004,0,0,14.7,18.1,1,18.6,1
2581,30-01-2016,Adelaide,13.8,24.2,18.6,0,0,SW,35,S,SW,9,15,67,48,1006.4,1005.4,0,0,17.7,21.5,1,0,0
2582,31-01-2016,Adelaide,14.5,25.3,0,0,0,WSW,33,NNE,SW,7,13,72,45,1006.6,1005.8,0,0,18.6,23.7,0,0,0
2583,01-02-2016,Adelaide,15.1,33.1,0,0,0,E,48,NE,NW,6,9,63,20,1007.1,1003.7,0,0,21.1,31.4,0,13.2,1
2584,02-02-2016,Adelaide,19.3,24.8,13.2,0,0,E,46,NNE,S,17,15,61,76,995.5,998.8,0,0,23.3,23,1,4.8,1
2585,03-02-2016,Adelaide,16.8,22.9,4.8,0,0,S,37,S,S,11,13,66,46,1013.5,1014.9,0,0,19.1,21.9,1,0,0
2586,04-02-2016,Adelaide,15.8,24.1,0,0,0,S,39,SSE,S,15,15,58,42,1020.9,1018.5,0,0,17.7,23.5,0,0,0
2587,05-02-2016,Adelaide,13.8,29.5,0,0,0,ESE,30,0,SE,0,11,67,36,1019.6,1015.4,0,0,16.4,27.8,0,0,0
2588,06-02-2016,Adelaide,16.2,33.1,0,0,0,SSW,31,0,SW,0,15,59,40,1015.6,1013.6,0,0,21.9,30.4,0,0,0
2589,07-02-2016,Adelaide,17.9,31.3,0,0,0,WSW,28,N,SW,6,17,59,41,1017.5,1016.7,0,0,22.9,30,0,0,0
2590,08-02-2016,Adelaide,15,29.5,0,0,0,SE,31,SE,ESE,2,9,61,33,1022.3,1019.9,0,0,20.4,28.2,0,0,0
2591,09-02-2016,Adelaide,16.2,34.8,0,0,0,WSW,24,SSW,SW,7,15,52,25,1019.7,1016.1,0,0,22.8,34,0,0,0
2592,10-02-2016,Adelaide,16.9,34.7,0,0,0,WSW,30,SW,WSW,6,15,32,25,1015.2,1012.3,0,0,24.2,33.4,0,0,0
2593,11-02-2016,Adelaide,15.8,32.2,0,0,0,E,76,NNW,SSE,6,11,55,24,1016.4,1013.6,0,0,21.2,31.3,0,0,0
2594,12-02-2016,Adelaide,15.3,33.9,0,0,0,SW,30,SSW,WSW,6,11,56,24,1015.5,1012.5,0,0,21.6,32.4,0,0,0
2595,13-02-2016,Adelaide,16.8,29.3,0,0,0,SW,28,NNE,SW,7,13,62,39,1012.5,1012,0,0,21.7,26.4,0,0,0
2596,14-02-2016,Adelaide,15.6,24.8,0,0,0,WSW,30,SW,SW,9,15,65,37,1016.5,1015.6,0,0,19.3,24.4,0,0,0
2597,15-02-2016,Adelaide,15.5,24.3,0,0,0,WSW,33,SSW,WSW,9,15,58,41,1017.8,1016.5,0,0,18.2,23.3,0,0,0
2598,16-02-2016,Adelaide,15.4,24.4,0,0,0,SSE,35,SSE,SE,11,11,67,33,1020,1019.3,0,0,17.9,23.7,0,0,0
2599,17-02-2016,Adelaide,13.1,26,0,0,0,WSW,41,SE,W,6,20,56,43,1020.7,1017,0,0,16.8,25.5,0,0,0
2600,18-02-2016,Adelaide,14,27.5,0,0,0,SW,31,SE,NW,2,9,69,44,1014.1,1011.1,0,0,18.6,26.3,0,0,0
2601,19-02-2016,Adelaide,15.6,24.5,0,0,0,SSE,37,S,SW,4,15,66,51,1014.7,1015.4,0,0,19.2,23.1,0,0,0
2602,20-02-2016,Adelaide,13.9,25.9,0,0,0,ESE,33,E,E,9,11,44,28,1023.5,1021.2,0,0,17.2,24.3,0,0,0
2603,21-02-2016,Adelaide,17.1,37,0,0,0,N,26,ENE,N,11,7,30,15,1020.7,1018,0,0,24,34.7,0,0,0
2604,22-02-2016,Adelaide,23.9,39.5,0,0,0,SE,31,W,W,4,9,37,13,1019.1,1015.8,0,0,26.2,36.7,0,0,0
2605,23-02-2016,Adelaide,22.2,37,0,0,0,S,37,S,SW,2,13,39,30,1011.8,1011.5,0,0,27.2,33.8,0,0,0
2606,24-02-2016,Adelaide,22.6,27.7,0,0,0,SW,26,0,SW,0,9,62,64,1011,1010.1,0,0,25.2,25.2,0,0.4,0
2607,25-02-2016,Adelaide,19.7,26.2,0.4,0,0,SW,35,SW,WSW,7,15,73,44,1014,1016,0,0,20.9,24.9,0,0,0
2608,26-02-2016,Adelaide,14.7,24.9,0,0,0,SW,37,SSW,WSW,9,20,63,46,1022.2,1021.4,0,0,19.8,24.4,0,0,0
2609,27-02-2016,Adelaide,13.5,25.4,0,0,0,WNW,31,0,WSW,0,17,72,49,1023.8,1020.9,0,0,18.2,24.7,0,0,0
2610,28-02-2016,Adelaide,13.2,29.7,0,0,0,SE,31,SW,WSW,4,15,62,40,1022.6,1019.8,0,0,18.7,27.1,0,0,0
2611,29-02-2016,Adelaide,13.8,31.4,0,0,0,WSW,26,SW,SW,4,13,59,30,1020.5,1018,0,0,19.9,29.7,0,0,0
2612,01-03-2016,Adelaide,17.3,33.3,0,0,0,WNW,24,WNW,WSW,4,9,42,19,1015.7,1014.5,0,0,24.8,32.8,0,0,0
2613,02-03-2016,Adelaide,18.1,34.8,0,0,0,S,28,0,SW,0,9,36,24,1016.5,1015.5,0,0,24.9,32.8,0,0,0
2614,03-03-2016,Adelaide,17.6,33.6,0,0,0,W,26,SW,WSW,7,15,53,33,1020,1016.6,0,0,21.8,32.2,0,0,0
2615,04-03-2016,Adelaide,17.7,33.2,0,0,0,WSW,20,E,SW,2,11,50,34,1015.7,1014.1,0,0,22.9,31.1,0,0,0
2616,05-03-2016,Adelaide,18.9,38.7,0,0,0,SE,22,WSW,SW,2,7,52,26,1017.3,1014.7,0,0,23.1,36.6,0,0.2,0
2617,06-03-2016,Adelaide,22.8,38,0.2,0,0,NNW,41,WNW,SSW,6,2,65,32,1015.6,1012.7,0,0,25.9,34.4,0,21.6,1
2618,07-03-2016,Adelaide,21.8,30.7,21.6,0,0,SE,33,WNW,WSW,4,17,63,55,1016.3,1016.8,0,0,25.4,27.6,1,0,0
2619,08-03-2016,Adelaide,22.1,37.1,0,0,0,E,33,SW,WNW,4,11,53,27,1014.2,1012.1,0,0,27.1,35.8,0,0,0
2620,09-03-2016,Adelaide,22.4,30.3,0,0,0,NNW,24,N,NNE,2,9,75,47,1015.8,1015.3,0,0,24.1,29.3,0,20,1
2621,10-03-2016,Adelaide,21.1,29,20,0,0,SW,22,0,WSW,0,9,93,65,1018.4,1015.9,0,0,21.9,27.5,1,2.4,1
2622,11-03-2016,Adelaide,20.3,31.4,2.4,0,0,WSW,28,0,SW,0,13,76,51,1016.8,1015.2,0,0,23.9,29.9,1,0,0
2623,12-03-2016,Adelaide,20.1,30.8,0,0,0,SSE,20,SW,ESE,6,7,75,49,1019.9,1018.2,0,0,22.3,29.3,0,0,0
2624,13-03-2016,Adelaide,17.6,32.2,0,0,0,W,26,0,WSW,0,15,69,38,1018.9,1016.7,0,0,21.9,31.7,0,0,0
2625,14-03-2016,Adelaide,18.4,26.7,0,0,0,SE,26,SE,SE,11,11,62,47,1019.8,1017.8,0,0,20.3,25.5,0,0,0
2626,15-03-2016,Adelaide,15.5,30.2,0,0,0,E,24,SSE,SSW,4,6,57,35,1018.7,1015.7,0,0,18.6,28.3,0,0,0
2627,16-03-2016,Adelaide,16.9,33.3,0,0,0,SSW,22,0,WSW,0,13,53,27,1015,1011.4,0,0,23.8,32.7,0,0,0
2628,17-03-2016,Adelaide,23.2,35.4,0,0,0,W,35,NE,NW,9,11,44,30,1008,1003.6,0,0,28.4,34.8,0,8,1
2629,18-03-2016,Adelaide,15.9,21,8,0,0,SW,57,SW,SSW,20,20,49,37,1010.8,1012.7,0,0,17.1,19.4,1,0.4,0
2630,19-03-2016,Adelaide,12.3,21.7,0.4,0,0,SW,31,0,SW,0,15,63,55,1019.3,1018.6,0,0,15.9,19.7,0,0,0
2631,20-03-2016,Adelaide,12,23.6,0,0,0,SW,28,NNE,SW,6,15,55,41,1021.3,1019,0,0,16.4,22.3,0,0,0
2632,21-03-2016,Adelaide,11.9,24.5,0,0,0,WSW,28,0,SW,0,13,56,39,1020.7,1017.6,0,0,17.1,23.4,0,0,0
2633,22-03-2016,Adelaide,11.7,30.3,0,0,0,N,28,0,WSW,0,15,53,19,1016.7,1014.9,0,0,19,29.2,0,0,0
2634,23-03-2016,Adelaide,17.7,25.3,0,0,0,SW,33,SSW,SW,7,15,54,62,1017.3,1018.8,0,0,21.1,22.1,0,0,0
2635,24-03-2016,Adelaide,18.4,27.7,0,0,0,WNW,17,E,SW,6,9,66,45,1020.6,1017.9,0,0,19.6,26.5,0,1.2,1
2636,25-03-2016,Adelaide,13.6,23.4,1.2,0,0,W,37,SE,WSW,9,19,61,45,1023.9,1021.3,0,0,16.7,22.2,1,0,0
2637,26-03-2016,Adelaide,12.5,21.4,0,0,0,WSW,22,SSE,SW,6,11,53,53,1023.6,1022.3,0,0,17.1,20.8,0,0,0
2638,27-03-2016,Adelaide,15.5,21.7,0,0,0,ESE,33,E,SE,6,7,68,43,1023.1,1020.5,0,0,16.4,20.5,0,0,0
2639,28-03-2016,Adelaide,14.7,22.7,0,0,0,SE,30,E,W,13,2,50,36,1019.9,1017.9,0,0,15.4,22,0,0,0
2640,29-03-2016,Adelaide,14.3,21.7,0,0,0,SSE,33,SW,S,6,15,56,34,1022.7,1020.7,0,0,15.4,21.2,0,0,0
2641,30-03-2016,Adelaide,9.2,20.3,0,0,0,SW,24,N,WSW,7,7,67,49,1024.5,1023.2,0,0,14.1,19.4,0,0,0
2642,31-03-2016,Adelaide,9.9,23.9,0,0,0,WNW,22,NNE,NW,4,11,75,36,1022.3,1019.3,0,0,14,23.7,0,0,0
2643,01-04-2016,Adelaide,13.9,28.7,0,0,0,NW,33,NNE,NW,9,13,43,25,1015.1,1012.1,0,0,19,28.3,0,0,0
2644,02-04-2016,Adelaide,15.9,23.8,0,0,0,WSW,33,S,WSW,9,19,69,47,1020.4,1021.8,0,0,18.7,22.3,0,0,0
2645,03-04-2016,Adelaide,11.6,23.3,0,0,0,E,26,E,WSW,11,13,41,41,1027.9,1024.2,0,0,17.4,20.6,0,0,0
2646,04-04-2016,Adelaide,10.5,27.6,0,0,0,N,24,NNW,W,2,9,45,25,1021.4,1016,0,0,18.6,27.6,0,0,0
2647,05-04-2016,Adelaide,14.5,28.2,0,0,0,WSW,33,NNE,SW,9,15,30,55,1013.2,1012.1,0,0,22.5,22.7,0,4.6,1
2648,06-04-2016,Adelaide,13.5,20.1,4.6,0,0,SW,39,SSW,SW,6,15,82,51,1020.6,1021.7,0,0,14.6,18.3,1,0.2,0
2649,07-04-2016,Adelaide,8.8,19.9,0.2,0,0,WSW,22,0,SW,0,13,71,49,1027.2,1023.6,0,0,13.9,18.2,0,0,0
2650,08-04-2016,Adelaide,8.7,20.5,0,0,0,SSW,24,0,SW,0,11,66,54,1026.1,1023.9,0,0,13.4,18.9,0,0,0
2651,09-04-2016,Adelaide,10.4,22.4,0,0,0,SW,20,0,SW,0,9,76,50,1024.8,1022.4,0,0,15.9,21.5,0,0,0
2652,10-04-2016,Adelaide,13,22.6,0,0,0,SW,28,ENE,SW,2,17,84,58,1024.7,1023.2,0,0,16.6,21.2,0,0.4,0
2653,11-04-2016,Adelaide,15,22.6,0.4,0,0,WSW,35,SSW,WSW,9,19,77,58,1026.4,1024.3,0,0,18.1,22,0,0,0
2654,12-04-2016,Adelaide,11,24,0,0,0,WSW,35,S,SW,7,20,65,53,1028.3,1024.7,0,0,17.2,21.7,0,0,0
2655,13-04-2016,Adelaide,10.4,24.1,0,0,0,WSW,24,ENE,WSW,6,13,59,48,1027.8,1024.2,0,0,17.9,22.7,0,0,0
2656,14-04-2016,Adelaide,11.6,27,0,0,0,WNW,20,0,NW,0,9,59,27,1025.3,1022.7,0,0,17.7,26,0,0,0
2657,15-04-2016,Adelaide,11.9,29.1,0,0,0,WSW,26,NE,WSW,7,11,36,25,1022.1,1019.3,0,0,22.1,27.6,0,0,0
2658,16-04-2016,Adelaide,11.9,21.4,0,0,0,ESE,30,SSE,SSE,9,13,66,57,1023.5,1022.6,0,0,19.2,20.5,0,0,0
2659,17-04-2016,Adelaide,11.9,21.6,0,0,0,SSE,26,ESE,E,9,7,49,30,1025.7,1020.6,0,0,15.2,21.2,0,0,0
2660,18-04-2016,Adelaide,7.8,25.6,0,0,0,W,24,NE,WNW,11,9,34,32,1018.7,1015.3,0,0,19.2,24.1,0,0,0
2661,19-04-2016,Adelaide,12,30.1,0,0,0,N,24,N,SW,6,9,41,25,1016.9,1014.3,0,0,21.5,28.8,0,0,0
2662,20-04-2016,Adelaide,18.2,29.7,0,0,0,ENE,30,NNE,SW,9,11,27,41,1015.5,1015.7,0,0,25.6,25.9,0,0.2,0
2663,21-04-2016,Adelaide,16,23.5,0.2,0,0,WSW,30,SSW,SW,13,9,72,58,1022.5,1021.9,0,0,19.1,22.9,0,0.2,0
2664,22-04-2016,Adelaide,12.7,20.2,0.2,0,0,SSE,30,S,SSE,9,11,70,42,1030.4,1028.3,0,0,15.6,18.9,0,0,0
2665,23-04-2016,Adelaide,9.1,20.3,0,0,0,ENE,26,0,ESE,0,9,49,35,1032,1028.3,0,0,15,20,0,0,0
2666,24-04-2016,Adelaide,10.3,25.3,0,0,0,E,26,N,NE,9,9,52,21,1029.3,1025.4,0,0,17.7,24.7,0,0,0
2667,25-04-2016,Adelaide,9.1,28.1,0,0,0,N,26,NNE,SW,9,6,31,21,1026.7,1023.6,0,0,21.7,27.3,0,0,0
2668,26-04-2016,Adelaide,12.8,30.1,0,0,0,WNW,33,NNE,N,7,15,28,15,1023.1,1017.8,0,0,24.2,29.4,0,0,0
2669,27-04-2016,Adelaide,19.9,27.6,0,0,0,N,44,NNE,NNW,15,15,24,24,1014.7,1012.5,0,0,24.6,26.8,0,0,0
2670,28-04-2016,Adelaide,16.4,26.9,0,0,0,NNE,28,NE,N,4,7,84,40,1018,1012.4,0,0,17.3,26.2,0,4,1
2671,29-04-2016,Adelaide,16.5,24.2,4,0,0,N,33,NNE,NW,6,9,82,56,1013,1011.1,0,0,17.8,23.4,1,0,0
2672,30-04-2016,Adelaide,12.4,26.3,0,0,0,WNW,46,NNE,NW,9,19,53,18,1013,1007.5,0,0,19.4,25.8,0,1.6,1
2673,01-05-2016,Adelaide,12.9,18.3,1.6,0,0,WNW,50,WSW,SSW,11,9,69,36,1016.9,1017.1,0,0,14.3,17.7,1,0,0
2674,02-05-2016,Adelaide,12.4,19.8,0,0,0,WNW,43,N,WNW,13,19,63,57,1014.8,1011.5,0,0,14.3,19.2,0,0.8,0
2675,03-05-2016,Adelaide,14.3,19.6,0.8,0,0,WNW,54,NW,W,15,20,87,86,1007.7,1008,0,0,16.2,17.2,0,5.2,1
2676,04-05-2016,Adelaide,11.1,18.5,5.2,0,0,SW,28,NNE,NW,7,11,82,67,1017.4,1015.7,0,0,14.1,17.6,1,0,0
2677,05-05-2016,Adelaide,12.9,24.5,0,0,0,NW,39,NNE,NW,11,13,57,38,1016.2,1012.2,0,0,17.7,24.2,0,0,0
2678,06-05-2016,Adelaide,12.1,25,0,0,0,N,20,NE,WNW,7,7,65,52,1016,1013.1,0,0,17.6,23,0,0,0
2679,07-05-2016,Adelaide,12,24.3,0,0,0,NNE,48,0,N,0,11,70,52,1013.4,1011,0,0,16.5,20.5,0,0.4,0
2680,08-05-2016,Adelaide,16.4,19.7,0.4,0,0,NNE,39,NE,NNW,11,11,78,92,1002,998.6,0,0,17.9,18,0,0.8,0
2681,09-05-2016,Adelaide,13.1,18.1,0.8,0,0,WNW,65,N,NW,22,28,75,75,993.2,992.7,0,0,14.6,18,0,16,1
2682,10-05-2016,Adelaide,14.1,18.3,16,0,0,WSW,48,SW,WSW,17,13,68,50,1016.2,1019.2,0,0,15.2,17.6,1,0.6,0
2683,11-05-2016,Adelaide,13.3,19,0.6,0,0,W,43,W,WNW,19,11,69,76,1021.2,1019.6,0,0,15.8,16.6,0,4.6,1
2684,12-05-2016,Adelaide,15.3,18.7,4.6,0,0,WNW,33,WNW,WNW,9,15,93,75,1021.3,1020.4,0,0,16.7,17.9,1,0.4,0
2685,13-05-2016,Adelaide,10.6,21.4,0.4,0,0,NNW,24,NNE,NNW,9,11,84,43,1024,1020.9,0,0,14.5,21,0,0,0
2686,14-05-2016,Adelaide,11.1,23.1,0,0,0,NNW,31,NNE,NNW,11,15,55,32,1021.1,1017.3,0,0,16.7,22.3,0,0,0
2687,15-05-2016,Adelaide,13.2,21,0,0,0,WSW,20,SE,SW,2,9,82,59,1019.8,1018.2,0,0,16.8,20.4,0,0.6,0
2688,16-05-2016,Adelaide,10.1,22.4,0.6,0,0,N,33,NNE,NW,11,17,83,47,1017.2,1013.8,0,0,14.3,21.8,0,0.2,0
2689,17-05-2016,Adelaide,14.2,19.8,0.2,0,0,W,28,WSW,NNW,13,6,54,48,1020.9,1019.2,0,0,16.9,18.8,0,0,0
2690,18-05-2016,Adelaide,9.1,20.1,0,0,0,WSW,28,NE,W,9,11,70,47,1021,1018.8,0,0,13.6,19.7,0,0,0
2691,19-05-2016,Adelaide,13,18.5,0,0,0,WSW,31,NNW,WNW,7,15,79,63,1021,1019.3,0,0,15.1,17.9,0,0.2,0
2692,20-05-2016,Adelaide,14,18.9,0.2,0,0,NW,17,0,NNE,0,2,87,64,1024,1021.6,0,0,15.7,18.5,0,0,0
2693,21-05-2016,Adelaide,13.9,24.3,0,0,0,N,33,NNE,NW,9,11,50,34,1020.8,1015.6,0,0,17.7,23.4,0,0,0
2694,22-05-2016,Adelaide,17.7,23.2,0,0,0,WNW,57,NNE,N,13,13,36,69,1009.3,1010.2,0,0,20.5,17.1,0,7.2,1
2695,23-05-2016,Adelaide,10.8,19,7.2,0,0,W,35,W,NW,13,11,63,59,1023.2,1022.7,0,0,15.9,18.1,1,0.4,0
2696,24-05-2016,Adelaide,10.6,21,0.4,0,0,N,28,NNE,N,6,11,82,37,1023.7,1017.7,0,0,14.5,20.8,0,3.4,1
2697,25-05-2016,Adelaide,11.2,14.5,3.4,0,0,N,30,NE,NNE,7,6,85,92,1013,1007.7,0,0,11.7,14.2,1,24.2,1
2698,26-05-2016,Adelaide,11.4,17,24.2,0,0,SW,28,0,WSW,0,13,89,54,1009.7,1009.8,0,0,13.1,16.4,1,2.8,1
2699,27-05-2016,Adelaide,10.2,16.3,2.8,0,0,SW,48,WNW,W,13,19,82,71,1008.9,1006.8,0,0,13.8,12.9,1,17,1
2700,28-05-2016,Adelaide,9.1,17,17,0,0,W,26,SSW,SSW,9,7,63,54,1016.3,1016.6,0,0,12.8,15.7,1,0,0
2701,29-05-2016,Adelaide,8.9,16.3,0,0,0,NNE,26,NE,NE,9,7,52,55,1019.6,1017.7,0,0,12.9,15.5,0,1.2,1
2702,30-05-2016,Adelaide,11.8,17.8,1.2,0,0,N,33,NE,NNE,7,11,74,57,1019.7,1018.5,0,0,13.3,17.3,1,0.4,0
2703,31-05-2016,Adelaide,13.3,18.2,0.4,0,0,NNE,26,NE,NNE,9,4,55,66,1023.8,1022,0,0,15.9,16.8,0,0.2,0
2704,01-06-2016,Adelaide,9.5,20,0.2,0,0,NNE,20,NE,N,6,7,70,49,1025.7,1023,0,0,14.8,19.3,0,0.2,0
2705,02-06-2016,Adelaide,9.6,19,0.2,0,0,NNE,20,NE,0,4,0,67,93,1024.4,1022.4,0,0,14.3,12.7,0,18.4,1
2706,03-06-2016,Adelaide,6.7,17.9,18.4,0,0,E,28,0,WNW,0,7,83,59,1023.2,1020,0,0,12.4,17.3,1,0,0
2707,04-06-2016,Adelaide,5.7,16.7,0,0,0,WSW,24,0,WSW,0,13,82,65,1018.8,1013.8,0,0,10.3,15.7,0,0.2,0
2708,05-06-2016,Adelaide,9.7,15.8,0.2,0,0,W,44,N,WSW,11,20,85,66,1007.7,1005.5,0,0,11.6,15.1,0,11.4,1
2709,06-06-2016,Adelaide,10.8,15.9,11.4,0,0,W,50,W,SW,13,20,93,66,1006.8,1007.2,0,0,12.6,15.3,1,1.6,1
2710,07-06-2016,Adelaide,12,17,1.6,0,0,SW,30,WSW,WSW,13,13,71,63,1011.8,1009.9,0,0,14.3,15.4,1,3.8,1
2711,08-06-2016,Adelaide,11.6,18,3.8,0,0,N,50,NE,NNW,13,17,93,65,1002.4,998.5,0,0,12.3,17.8,1,5.2,1
2712,09-06-2016,Adelaide,11.6,15.7,5.2,0,0,SSW,50,SW,SW,15,19,88,65,1005.6,1013.9,0,0,14.4,14.7,1,2.4,1
2713,10-06-2016,Adelaide,12.3,16.2,2.4,0,0,NW,39,WNW,WNW,9,17,74,70,1021.7,1021.7,0,0,13.7,15.5,1,1.8,1
2714,11-06-2016,Adelaide,7.6,16.1,1.8,0,0,SW,35,0,S,0,9,77,57,1030.6,1031.2,0,0,12.3,15.4,1,0,0
2715,12-06-2016,Adelaide,5.8,15.4,0,0,0,ESE,20,0,NNE,0,9,75,42,1038.3,1035.2,0,0,10.5,14.7,0,0,0
2716,13-06-2016,Adelaide,3.6,14.7,0,0,0,NNE,30,NE,NNE,9,9,58,40,1034.2,1030.6,0,0,8.6,13.7,0,0,0
2717,14-06-2016,Adelaide,5.3,20.8,0,0,0,NNE,19,0,SW,0,9,71,47,1033.4,1030.9,0,0,12.7,20.1,0,0,0
2718,15-06-2016,Adelaide,9,20.3,0,0,0,NNE,30,NNE,N,4,13,56,41,1029.9,1024.5,0,0,13.6,20,0,2.4,1
2719,16-06-2016,Adelaide,13.4,16,2.4,0,0,NE,33,NNE,N,9,9,77,82,1015.4,1010.1,0,0,15.3,15.1,1,4,1
2720,17-06-2016,Adelaide,13.6,17.1,4,0,0,S,20,0,SSE,0,7,96,71,1013.3,1012.9,0,0,14.6,16.4,1,0,0
2721,18-06-2016,Adelaide,11,15.4,0,0,0,E,28,SSE,E,7,11,58,53,1019.7,1018.4,0,0,12.9,14.8,0,0,0
2722,19-06-2016,Adelaide,7,15.1,0,0,0,S,20,0,SSE,0,7,78,56,1019.1,1015.1,0,0,11.4,14.3,0,0.6,0
2723,20-06-2016,Adelaide,6.2,15,0.6,0,0,WNW,26,NNW,W,4,11,92,86,1013.1,1009.8,0,0,10.5,12.7,0,3.8,1
2724,21-06-2016,Adelaide,9.7,14.2,3.8,0,0,WNW,39,N,NW,11,9,87,94,1003.2,1001.4,0,0,11.1,13.5,1,11.8,1
2725,22-06-2016,Adelaide,10.2,16.5,11.8,0,0,WNW,39,W,WNW,9,17,67,63,1010.3,1010,0,0,13.5,15.5,1,2.6,1
2726,23-06-2016,Adelaide,10.8,12.6,2.6,0,0,NNW,48,N,WSW,17,17,76,95,1005.1,1002.6,0,0,11.6,10.1,1,20,1
2727,24-06-2016,Adelaide,7.5,12.8,20,0,0,WSW,63,SW,SW,22,19,61,58,1015,1018.2,0,0,10.1,12.6,1,0.6,0
2728,25-06-2016,Adelaide,4.2,13.6,0.6,0,0,N,22,ENE,N,2,9,84,60,1025.5,1022.4,0,0,8.8,12.5,0,0,0
2729,26-06-2016,Adelaide,8.8,14.3,0,0,0,W,30,N,NW,9,17,64,63,1019.1,1016,0,0,10.5,12.6,0,2.6,1
2730,27-06-2016,Adelaide,8.5,15.4,2.6,0,0,SW,24,NE,SW,2,9,94,54,1021.2,1021.4,0,0,10.4,14.9,1,0,0
2731,28-06-2016,Adelaide,8.9,16.2,0,0,0,WNW,28,N,NW,9,11,76,56,1027.5,1026.2,0,0,10.5,15.6,0,0,0
2732,29-06-2016,Adelaide,6.2,13.2,0,0,0,NNW,50,N,N,11,22,62,54,1025.1,1019.2,0,0,11.2,13,0,1.6,1
2733,30-06-2016,Adelaide,9.9,14.4,1.6,0,0,W,50,NW,WSW,17,24,87,53,1012.9,1014.9,0,0,12.1,13.2,1,2.6,1
2734,01-07-2016,Adelaide,6.1,14.2,2.6,0,0,WNW,24,NNE,W,6,7,90,69,1026.1,1025.8,0,0,9.1,14.2,1,1.4,1
2735,02-07-2016,Adelaide,9.1,15.7,1.4,0,0,W,30,N,NW,6,11,94,63,1030.2,1028.6,0,0,11.8,15.5,1,0,0
2736,03-07-2016,Adelaide,10.2,15.8,0,0,0,NNW,28,N,NNW,11,11,75,55,1027.1,1022.1,0,0,11,15.3,0,0.2,0
2737,04-07-2016,Adelaide,9.6,11.5,0.2,0,0,W,43,N,SW,9,19,86,90,1015,1010,0,0,10,10.1,0,37.6,1
2738,05-07-2016,Adelaide,6.2,14,37.6,0,0,SSW,57,SW,SW,7,17,95,85,1016.8,1018.8,0,0,10.2,12.1,1,2.4,1
2739,06-07-2016,Adelaide,6.2,14.5,2.4,0,0,SW,24,0,S,0,7,97,75,1024.7,1023.4,0,0,9,13.7,1,1.6,1
2740,07-07-2016,Adelaide,5.4,14.7,1.6,0,0,W,22,0,WNW,0,9,93,65,1024.8,1021.6,0,0,7.7,13.4,1,0,0
2741,08-07-2016,Adelaide,3.1,14.4,0,0,0,WNW,17,0,W,0,6,81,66,1023.6,1022.5,0,0,7.6,13.3,0,0,0
2742,09-07-2016,Adelaide,4.7,14.4,0,0,0,NNE,37,NE,NE,7,11,65,55,1023.8,1018.1,0,0,10.7,13.7,0,6.6,1
2743,10-07-2016,Adelaide,10.7,15.9,6.6,0,0,NNE,46,NNE,N,17,20,64,67,1008.6,1004.6,0,0,13.5,15,1,1.4,1
2744,11-07-2016,Adelaide,10.4,15.8,1.4,0,0,NNW,44,NNW,NW,19,20,64,66,1005.5,1003.8,0,0,11.7,15.1,1,6,1
2745,12-07-2016,Adelaide,8,11,6,0,0,SW,70,W,W,22,30,62,60,1006.7,1011,0,0,9.8,9.4,1,7,1
2746,13-07-2016,Adelaide,6.4,13.8,7,0,0,W,48,SW,WSW,15,17,61,54,1026.9,1028.9,0,0,11,13.2,1,0.6,0
2747,14-07-2016,Adelaide,6,13.7,0.6,0,0,NNW,26,NNE,W,6,15,88,58,1034.5,1032.3,0,0,8.3,13.3,0,0.2,0
2748,15-07-2016,Adelaide,7.3,14.3,0.2,0,0,WNW,22,NNE,WNW,6,6,58,46,1034.7,1032,0,0,10.2,13.8,0,0,0
2749,16-07-2016,Adelaide,2,16.1,0,0,0,N,20,0,NNW,0,6,73,40,1032.2,1028.4,0,0,7.4,16,0,0,0
2750,17-07-2016,Adelaide,2.8,16.9,0,0,0,NE,28,NNE,N,7,15,65,36,1026.1,1021.6,0,0,10.5,16.2,0,0,0
2751,18-07-2016,Adelaide,8.8,19.9,0,0,0,N,26,NNE,W,6,15,66,47,1021.5,1019.3,0,0,13.9,18.3,0,0,0
2752,19-07-2016,Adelaide,8.7,20.2,0,0,0,WSW,19,0,SW,0,9,83,58,1021.7,1019.4,0,0,11.5,17.9,0,5,1
2753,20-07-2016,Adelaide,11.4,18.5,5,0,0,NE,22,NE,E,4,11,76,70,1020.4,1018.5,0,0,15.6,17.3,1,0,0
2754,21-07-2016,Adelaide,13,22.7,0,0,0,WNW,37,NE,N,7,15,73,61,1014.1,1008.6,0,0,16.8,21.8,0,0.6,0
2755,22-07-2016,Adelaide,14,15.7,0.6,0,0,W,72,NW,NW,15,17,81,85,1004.4,1000.8,0,0,14.2,13.1,0,4.2,1
2756,23-07-2016,Adelaide,9.2,13.9,4.2,0,0,W,41,SSW,W,4,13,77,49,1014.3,1015.1,0,0,10.2,13.2,1,0,0
2757,24-07-2016,Adelaide,6.2,13.1,0,0,0,W,65,N,W,17,20,73,65,1008.6,1008.5,0,0,10,12.3,0,11.4,1
2758,25-07-2016,Adelaide,7.4,12.7,11.4,0,0,WSW,46,WNW,NW,15,20,75,87,1015.8,1012.2,0,0,12,12.4,1,8.8,1
2759,26-07-2016,Adelaide,8.1,11.8,8.8,0,0,NNW,46,N,NNW,7,13,82,82,1016,1010.5,0,0,9.4,10.6,1,10.4,1
2760,27-07-2016,Adelaide,9.1,14.1,10.4,0,0,SW,39,SSW,WSW,9,13,68,57,1022.7,1025.3,0,0,11.3,13.2,1,0.2,0
2761,28-07-2016,Adelaide,10.4,14.2,0.2,0,0,W,24,NW,NW,9,11,82,63,1029.5,1027.5,0,0,12.4,13.7,0,0,0
2762,29-07-2016,Adelaide,9.7,16.1,0,0,0,NW,20,0,NW,0,9,78,61,1026.5,1023.2,0,0,10.5,14.9,0,0,0
2763,30-07-2016,Adelaide,9.2,17.4,0,0,0,N,44,N,N,17,13,48,57,1018.6,1013.8,0,0,14,16.1,0,3.8,1
2764,31-07-2016,Adelaide,12,16.8,3.8,0,0,N,26,NNE,N,9,13,87,74,1016.9,1012.5,0,0,13.5,16.4,1,11,1
2765,01-08-2016,Adelaide,11.8,13.9,11,0,0,SSW,44,WSW,SSW,9,11,94,79,1013.5,1014.8,0,0,12.7,12.5,1,1.8,1
2766,02-08-2016,Adelaide,4.8,14.9,1.8,0,0,SSW,35,SSW,SW,9,24,69,63,1027.2,1026.4,0,0,10,13.6,1,0,0
2767,03-08-2016,Adelaide,6.5,15.2,0,0,0,E,81,SW,SSE,9,9,77,48,1030.7,1029.2,0,0,11.6,13.9,0,0.4,0
2768,04-08-2016,Adelaide,5.4,12.6,0.4,0,0,NE,22,0,ESE,0,7,78,50,1031.2,1029.5,0,0,9.5,12.1,0,0,0
2769,05-08-2016,Adelaide,3.7,14.7,0,0,0,N,24,NE,NNW,6,7,60,46,1030.4,1027.8,0,0,10,14.2,0,0,0
2770,06-08-2016,Adelaide,3.4,17.2,0,0,0,NNW,28,NNE,NW,6,13,60,40,1026.6,1023.5,0,0,11.2,16.2,0,0,0
2771,07-08-2016,Adelaide,5,19.5,0,0,0,N,31,NE,NNW,9,17,49,36,1023.6,1020.8,0,0,13.5,19,0,0,0
2772,08-08-2016,Adelaide,12.8,22,0,0,0,NNE,37,NNE,NNW,11,13,35,36,1019.6,1015.9,0,0,17.1,21.4,0,0.6,0
2773,09-08-2016,Adelaide,13.2,18.7,0.6,0,0,WSW,57,NE,WNW,9,19,70,78,1008.9,1007.7,0,0,14,12.6,0,3.6,1
2774,10-08-2016,Adelaide,9.1,15,3.6,0,0,NW,56,NW,W,17,31,78,74,1013.6,1013.6,0,0,11.6,13.2,1,8.2,1
2775,11-08-2016,Adelaide,6.2,16,8.2,0,0,WSW,39,NNW,W,4,11,86,53,1023.2,1022.8,0,0,11.3,15.1,1,0,0
2776,12-08-2016,Adelaide,8.1,18,0,0,0,NNW,48,NNW,NW,13,15,65,47,1021.2,1018.5,0,0,12.2,17.8,0,0,0
2777,13-08-2016,Adelaide,7.9,15.8,0,0,0,WNW,30,N,WNW,4,11,96,56,1025.7,1024.9,0,0,10.2,15.3,0,0,0
2778,14-08-2016,Adelaide,7.8,17,0,0,0,WNW,20,NNE,NNW,9,9,75,42,1030.6,1028.3,0,0,11.2,16.5,0,0,0
2779,15-08-2016,Adelaide,4.8,20.8,0,0,0,NNW,26,NNE,NNW,9,13,47,33,1028.9,1025,0,0,14.8,20.5,0,0,0
2780,16-08-2016,Adelaide,10.2,22.6,0,0,0,N,41,NNE,N,15,15,33,29,1022.3,1018.9,0,0,17.6,20.5,0,0.8,0
2781,17-08-2016,Adelaide,7.8,21.8,0.8,0,0,NNE,26,0,N,0,13,65,40,1022.8,1018.8,0,0,14.8,20.9,0,0,0
2782,18-08-2016,Adelaide,12.2,24.7,0,0,0,NE,63,N,N,22,24,32,28,1010.8,1006.9,0,0,20.1,23.2,0,16.8,1
2783,19-08-2016,Adelaide,8.6,14.3,16.8,0,0,W,57,WNW,WNW,11,19,87,84,1011.3,1012.3,0,0,10.4,9.8,1,7,1
2784,20-08-2016,Adelaide,7.6,15.6,7,0,0,W,41,W,WSW,15,11,72,81,1019.1,1018.2,0,0,12.1,13.1,1,0.2,0
2785,21-08-2016,Adelaide,7.5,17.2,0.2,0,0,W,28,NNE,WNW,7,17,74,42,1017.8,1014.1,0,0,11.1,16.6,0,0,0
2786,22-08-2016,Adelaide,4.8,17.6,0,0,0,WSW,20,NE,SW,2,13,57,38,1014.7,1013.4,0,0,12,16.5,0,0,0
2787,23-08-2016,Adelaide,4.8,16.7,0,0,0,SE,24,NNW,SW,7,13,72,53,1017.8,1015.6,0,0,11.7,15.1,0,0,0
2788,24-08-2016,Adelaide,6.9,16.6,0,0,0,WSW,26,0,ENE,0,7,70,52,1016.4,1014.6,0,0,11.7,14,0,0,0
2789,25-08-2016,Adelaide,3.9,15.5,0,0,0,SSW,31,N,SW,2,15,64,54,1020.6,1020,0,0,10.6,14.8,0,0,0
2790,26-08-2016,Adelaide,5.8,14.2,0,0,0,NW,20,ENE,WNW,2,9,77,47,1026.1,1023.6,0,0,9.3,13.3,0,0,0
2791,27-08-2016,Adelaide,3.9,18.4,0,0,0,N,35,NNE,NW,9,15,50,28,1023,1018.9,0,0,12.5,17.3,0,0,0
2792,28-08-2016,Adelaide,7.9,21.8,0,0,0,NNE,37,NE,NE,11,17,30,30,1018.1,1013.8,0,0,17.2,21.5,0,1.6,1
2793,29-08-2016,Adelaide,12.8,22.4,1.6,0,0,NE,46,NNE,NE,13,15,37,34,1016.3,1011.4,0,0,17.2,20.1,1,5.8,1
2794,30-08-2016,Adelaide,12.7,19.9,5.8,0,0,NW,35,NNE,NNW,9,15,96,64,1012.9,1010.6,0,0,13.7,18.9,1,1,0
2795,31-08-2016,Adelaide,11.9,16.8,1,0,0,SW,28,WNW,SW,11,13,80,79,1018.5,1017.7,0,0,14.3,15.2,0,0.2,0
2796,01-09-2016,Adelaide,9.2,19.4,0.2,0,0,SSW,24,NE,E,7,11,66,54,1018,1013.2,0,0,15.3,17.5,0,0.2,0
2797,02-09-2016,Adelaide,9.6,18.8,0.2,0,0,SW,31,SSW,SW,2,15,68,57,1011.7,1009.2,0,0,14.8,17.4,0,0.4,0
2798,03-09-2016,Adelaide,9.2,15.7,0.4,0,0,SW,50,WNW,WSW,15,26,83,54,1014.4,1016.8,0,0,13.2,14.4,0,1,0
2799,04-09-2016,Adelaide,8.7,17.1,1,0,0,WNW,24,N,WNW,4,13,77,54,1027.3,1026.9,0,0,12.3,16.1,0,0,0
2800,05-09-2016,Adelaide,6.4,20.1,0,0,0,N,24,N,N,9,9,66,40,1030.2,1026.8,0,0,13.4,19.2,0,0,0
2801,06-09-2016,Adelaide,8.2,22.6,0,0,0,ENE,22,NE,N,9,6,43,34,1028.1,1025,0,0,17.2,22.1,0,0,0
2802,07-09-2016,Adelaide,11.6,25,0,0,0,N,46,NNE,NNE,13,22,36,30,1023.6,1017.9,0,0,20,24.5,0,1.2,1
2803,08-09-2016,Adelaide,16.1,20.1,1.2,0,0,NNE,37,NE,NNE,6,15,67,68,1015,1010.2,0,0,17.6,19.9,1,30.4,1
2804,09-09-2016,Adelaide,10.7,16.7,30.4,0,0,SW,35,SW,WSW,17,19,77,65,1015.2,1015.6,0,0,13.1,16.3,1,0.2,0
2805,10-09-2016,Adelaide,10.8,15.6,0.2,0,0,W,24,SW,W,13,11,58,59,1022.7,1020.7,0,0,12.7,14.4,0,0,0
2806,11-09-2016,Adelaide,6.1,18,0,0,0,WNW,26,N,W,7,9,68,50,1021.2,1019.1,0,0,12.9,17.3,0,0,0
2807,12-09-2016,Adelaide,10.8,12.9,0,0,0,ESE,26,ENE,ESE,4,6,80,82,1020.4,1018.6,0,0,12.6,11.9,0,6.2,1
2808,13-09-2016,Adelaide,9,13.7,6.2,0,0,SW,35,N,WSW,6,17,76,96,1016.4,1011.4,0,0,11,9.5,1,15.6,1
2809,14-09-2016,Adelaide,8.6,11.9,15.6,0,0,WNW,61,WSW,WSW,30,26,84,92,1010,1008.6,0,0,9,10.6,1,16.6,1
2810,15-09-2016,Adelaide,8.9,15.4,16.6,0,0,SW,31,SW,WSW,13,15,85,56,1016.2,1015.2,0,0,11.8,14.1,1,0,0
2811,16-09-2016,Adelaide,6.6,19,0,0,0,N,31,N,NNW,11,17,70,30,1018.8,1016,0,0,12.7,18.7,0,0,0
2812,17-09-2016,Adelaide,12.2,20.9,0,0,0,WSW,31,N,SW,9,19,43,64,1015,1012.7,0,0,16.9,15.8,0,2.4,1
2813,18-09-2016,Adelaide,7.8,13.8,2.4,0,0,SW,33,SW,SW,13,13,65,74,1017.6,1016.1,0,0,11.7,12,1,0.4,0
2814,19-09-2016,Adelaide,6.7,16.4,0.4,0,0,N,31,N,N,15,15,65,40,1014.4,1010,0,0,11.2,15.9,0,0.4,0
2815,20-09-2016,Adelaide,11.2,18.4,0.4,0,0,WSW,31,N,NW,9,11,72,68,1010.8,1007.3,0,0,12.8,17,0,1.6,1
2816,21-09-2016,Adelaide,10.8,14,1.6,0,0,SW,41,SSW,SW,17,20,58,56,1016.9,1018.1,0,0,12.3,12.7,1,0,0
2817,22-09-2016,Adelaide,6.5,15.5,0,0,0,WSW,24,SSW,WSW,11,9,60,49,1022.5,1019.6,0,0,12,15,0,0,0
2818,23-09-2016,Adelaide,5.6,20.8,0,0,0,N,37,NE,NNW,15,13,47,43,1013.9,1008.4,0,0,15.1,20.6,0,2.4,1
2819,24-09-2016,Adelaide,12.5,16.6,2.4,0,0,WSW,35,NNE,WSW,9,19,92,67,1006.9,1006.6,0,0,12.7,15.4,1,2,1
2820,25-09-2016,Adelaide,8.2,17,2,0,0,SW,33,S,WSW,15,15,77,49,1016.9,1014.1,0,0,10.5,16.2,1,0,0
2821,26-09-2016,Adelaide,8.3,17.6,0,0,0,WSW,43,N,WSW,11,20,44,50,1012.6,1012.1,0,0,13.9,15.4,0,0,0
2822,27-09-2016,Adelaide,7.9,18.3,0,0,0,SW,39,NW,NW,9,9,60,49,1016.9,1014.8,0,0,13.7,15.7,0,0,0
2823,28-09-2016,Adelaide,7,19.9,0,0,0,N,50,NE,ENE,15,19,38,61,1003.4,989.8,0,0,18.2,17.2,0,37.8,1
2824,29-09-2016,Adelaide,7.6,15.8,37.8,0,0,WSW,69,WSW,WSW,31,13,80,94,982.3,986.4,0,0,11.2,11.1,1,12.2,1
2825,30-09-2016,Adelaide,9.1,15.6,12.2,0,0,WSW,50,SW,SW,22,20,83,70,1002.5,1005,0,0,13.3,13.7,1,4.2,1
2826,01-10-2016,Adelaide,10.3,21.8,4.2,0,0,NNE,56,NW,NNW,11,13,55,42,1008.2,1004.6,0,0,13.4,19.6,1,0,0
2827,02-10-2016,Adelaide,12.9,20.7,0,0,0,N,44,NNW,WSW,11,15,35,56,996.1,996.7,0,0,19.8,17.7,0,27.6,1
2828,03-10-2016,Adelaide,7.7,15,27.6,0,0,W,54,WNW,W,19,24,95,76,1001.4,1004.8,0,0,9.1,12,1,11.8,1
2829,04-10-2016,Adelaide,9.1,16.4,11.8,0,0,W,65,W,WSW,15,26,93,54,1008.3,1013.6,0,0,12.2,15.3,1,0,0
2830,05-10-2016,Adelaide,8.1,20.6,0,0,0,W,35,N,WNW,9,17,75,43,1019.6,1019.3,0,0,11.3,20,0,0,0
2831,06-10-2016,Adelaide,11.2,28.8,0,0,0,NNE,46,NNE,N,13,24,39,24,1017.9,1014.6,0,0,20.6,28,0,0,0
2832,07-10-2016,Adelaide,16.5,24,0,0,0,N,30,N,NW,11,7,35,42,1016,1015.6,0,0,20.6,23,0,0,0
2833,08-10-2016,Adelaide,10,26.1,0,0,0,N,30,ENE,NE,9,11,54,35,1021.8,1017.3,0,0,14.8,23.5,0,0,0
2834,09-10-2016,Adelaide,14.8,26.4,0,0,0,NNE,54,N,W,22,19,30,89,1002.3,1009.4,0,0,25.5,17.5,0,2,1
2835,10-10-2016,Adelaide,11.8,16.5,2,0,0,W,50,WSW,WSW,15,28,70,46,1015.5,1017.3,0,0,12.7,14.9,1,0.4,0
2836,11-10-2016,Adelaide,10.8,16.8,0.4,0,0,SW,37,SSW,SW,19,20,62,50,1023.4,1023.5,0,0,12.5,15.4,0,0.8,0
2837,12-10-2016,Adelaide,10.2,17.2,0.8,0,0,WSW,30,S,SW,9,17,76,59,1023.3,1023.3,0,0,12.9,16.1,0,0.6,0
2838,13-10-2016,Adelaide,6.4,19.6,0.6,0,0,WSW,28,SSW,WSW,6,15,67,48,1026.5,1023.9,0,0,13,18.3,0,0,0
2839,14-10-2016,Adelaide,11.7,25.5,0,0,0,N,31,NNE,WNW,13,17,31,34,1022.4,1018.3,0,0,18.3,24.9,0,0,0
2840,15-10-2016,Adelaide,16.8,28.3,0,0,0,N,54,NNE,N,19,30,20,16,1012.8,1006.8,0,0,20.3,27.4,0,1.2,1
2841,16-10-2016,Adelaide,12.5,15.4,1.2,0,0,SW,44,NW,WSW,13,17,85,90,1005.4,1005.1,0,0,12.5,11.7,1,14.2,1
2842,17-10-2016,Adelaide,8.5,16.2,14.2,0,0,NW,43,W,W,17,17,56,67,1014.4,1014.4,0,0,14.4,14.2,1,4.2,1
2843,18-10-2016,Adelaide,10,15.4,4.2,0,0,WSW,59,WNW,SW,19,19,72,67,1015.3,1017.5,0,0,12.6,13.3,1,3.8,1
2844,19-10-2016,Adelaide,4.9,20,3.8,0,0,N,28,NNE,NNW,7,13,64,37,1022.6,1019.3,0,0,10.7,17.7,1,0,0
2845,20-10-2016,Adelaide,9.1,30.8,0,0,0,NNE,57,NE,N,9,28,38,23,1013.2,1006.5,0,0,20,29.7,0,9.4,1
2846,21-10-2016,Adelaide,10.6,16.5,9.4,0,0,WSW,43,SW,WSW,9,22,88,46,1016.1,1017.5,0,0,11.9,15.5,1,0.2,0
2847,22-10-2016,Adelaide,6.5,15.8,0.2,0,0,SSW,35,SSE,SE,13,13,54,44,1027.3,1027.2,0,0,11.5,14.2,0,0,0
2848,23-10-2016,Adelaide,7.2,17.6,0,0,0,ESE,28,ESE,S,6,7,54,39,1029.8,1026.5,0,0,11.3,17.2,0,0,0
2849,24-10-2016,Adelaide,8,23.1,0,0,0,N,35,NNE,NNW,11,11,43,24,1022.1,1017.4,0,0,15.6,22.3,0,0,0
2850,25-10-2016,Adelaide,15.6,27.8,0,0,0,N,37,NNE,NNW,15,17,22,16,1011.5,1009,0,0,21,27.3,0,0,0
2851,26-10-2016,Adelaide,14.2,19,0,0,0,SSW,35,SSW,SW,13,20,77,49,1015.3,1017.1,0,0,15.4,18.1,0,0,0
2852,27-10-2016,Adelaide,9.5,20.8,0,0,0,SSE,26,E,S,11,7,53,38,1022.5,1019.2,0,0,15,20.2,0,0,0
2853,28-10-2016,Adelaide,8.6,22.1,0,0,0,WSW,26,SSW,SW,7,15,58,35,1020.2,1017.8,0,0,16.1,21.6,0,0,0
2854,29-10-2016,Adelaide,8.8,30,0,0,0,NE,46,NE,NNE,11,17,31,16,1014,1006.7,0,0,21.3,29.6,0,0,0
2855,30-10-2016,Adelaide,15.4,18.2,0,0,0,WSW,59,WNW,WSW,22,30,65,45,1008.5,1011.9,0,0,17.1,15.4,0,0.6,0
2856,31-10-2016,Adelaide,10.5,18.4,0.6,0,0,W,41,WSW,W,15,13,47,46,1018.5,1017.2,0,0,13.3,17.2,0,0,0
2857,01-11-2016,Adelaide,11.8,18.8,0,0,0,W,37,W,WSW,13,17,66,55,1016.2,1016.3,0,0,14,16,0,0,0
2858,02-11-2016,Adelaide,10.2,19.5,0,0,0,SW,28,WSW,W,11,11,54,43,1019.9,1019.6,0,0,14.6,18.5,0,0,0
2859,03-11-2016,Adelaide,8.1,25.3,0,0,0,W,26,NNE,WSW,9,11,59,32,1020.8,1017.9,0,0,15.2,24.2,0,0,0
2860,04-11-2016,Adelaide,9.7,28.2,0,0,0,SSW,46,NNE,WSW,9,22,47,24,1014.2,1012.8,0,0,18.3,26.3,0,0,0
2861,05-11-2016,Adelaide,11,19.3,0,0,0,SW,39,SSW,SW,15,17,53,48,1020,1020,0,0,14.9,18.6,0,0,0
2862,06-11-2016,Adelaide,11.1,25.1,0,0,0,N,26,WNW,WNW,11,7,66,27,1018,1013.2,0,0,16,23.7,0,0,0
2863,07-11-2016,Adelaide,15.3,26.2,0,0,0,WSW,44,SW,WSW,11,19,44,49,1005.4,1004.5,0,0,20.6,22.3,0,0,0
2864,08-11-2016,Adelaide,9.7,19.3,0,0,0,WSW,39,SSE,SW,11,20,49,46,1014.2,1012.6,0,0,13.8,18.4,0,0,0
2865,09-11-2016,Adelaide,9,23.1,0,0,0,WSW,33,N,SW,6,19,58,46,1014.9,1010.8,0,0,14.9,20.7,0,0,0
2866,10-11-2016,Adelaide,9.8,25.1,0,0,0,SW,22,0,SW,0,13,51,37,1013,1009.9,0,0,17.3,24.1,0,0,0
2867,11-11-2016,Adelaide,13.9,32,0,0,0,SW,63,E,NE,11,13,29,31,1004.4,997.8,0,0,25.1,30.2,0,14,1
2868,12-11-2016,Adelaide,14.4,20.2,14,0,0,WSW,54,W,W,20,24,71,70,1003.2,1004.2,0,0,16.9,17.1,1,16.4,1
2869,13-11-2016,Adelaide,11.6,17.1,16.4,0,0,SSW,57,SW,SW,26,28,70,61,1009,1011.8,0,0,13.4,15.6,1,1.8,1
2870,14-11-2016,Adelaide,11.4,18.5,1.8,0,0,SW,37,SW,SW,19,19,58,51,1019.5,1020.2,0,0,14.4,18.1,1,0,0
2871,15-11-2016,Adelaide,10.3,19.5,0,0,0,WSW,28,SW,WSW,7,15,65,52,1024,1022.4,0,0,14.1,18.8,0,0,0
2872,16-11-2016,Adelaide,8.8,29.4,0,0,0,N,24,NNE,W,6,13,53,34,1022.9,1019.1,0,0,18.1,28.4,0,0,0
2873,17-11-2016,Adelaide,17,35.2,0,0,0,NW,44,N,NW,17,20,23,12,1015.1,1012.6,0,0,27.5,34,0,0,0
2874,18-11-2016,Adelaide,17.1,25.9,0,0,0,ENE,22,NNE,WNW,4,11,64,48,1018,1016.4,0,0,18.8,25.3,0,0,0
2875,19-11-2016,Adelaide,15,29.3,0,0,0,W,28,SSW,WSW,4,11,41,31,1019.4,1016,0,0,19.2,28.8,0,0,0
2876,20-11-2016,Adelaide,16.9,36.1,0,0,0,WSW,28,WNW,WNW,2,11,45,19,1013.3,1010,0,0,26,35.1,0,0,0
2877,21-11-2016,Adelaide,21.9,32,0,0,0,SW,39,NNW,WSW,13,20,27,27,1006.1,1008.2,0,0,29.7,28.8,0,0.8,0
2878,22-11-2016,Adelaide,14.4,17.8,0.8,0,0,SE,22,E,SSE,4,11,62,59,1017.1,1017.5,0,0,16.4,15.6,0,0.2,0
2879,23-11-2016,Adelaide,9.3,21.2,0.2,0,0,SW,33,SSW,S,13,19,43,34,1022.3,1020.7,0,0,15,20.1,0,0,0
2880,24-11-2016,Adelaide,8.1,21,0,0,0,WSW,37,SW,WSW,7,17,49,46,1022.9,1020.5,0,0,15.4,19.6,0,0,0
2881,25-11-2016,Adelaide,11.3,23.2,0,0,0,SW,30,SSW,SSW,11,20,56,38,1022.7,1021.4,0,0,16.2,22.5,0,0,0
2882,26-11-2016,Adelaide,9.3,24.8,0,0,0,WSW,28,SE,ENE,6,9,52,40,1024.6,1021,0,0,16.1,23.2,0,0,0
2883,27-11-2016,Adelaide,9.2,27.9,0,0,0,WNW,26,S,WSW,6,11,49,16,1020.8,1017.2,0,0,17.6,27.7,0,0,0
2884,28-11-2016,Adelaide,12.2,29.5,0,0,0,WSW,31,NNE,SW,2,17,29,20,1014.4,1012.9,0,0,22.2,29,0,0,0
2885,29-11-2016,Adelaide,12.8,27.3,0,0,0,SW,30,SW,SW,4,17,32,31,1012.5,1011.5,0,0,21.2,25.8,0,0,0
2886,30-11-2016,Adelaide,13,23.4,0,0,0,WSW,43,NW,SW,2,22,64,44,1012.5,1010.4,0,0,16.4,23.1,0,0,0
2887,01-12-2016,Adelaide,11.7,24.1,0,0,0,SW,28,ENE,SW,6,7,58,55,1010.2,1008.6,0,0,16.8,20.9,0,0,0
2888,02-12-2016,Adelaide,11.4,24.9,0,0,0,WSW,35,S,SW,11,20,64,46,1014.6,1013.3,0,0,17.5,22.5,0,0,0
2889,03-12-2016,Adelaide,11.4,32.2,0,0,0,WSW,26,ENE,WSW,9,13,38,23,1014.4,1011.1,0,0,20.1,31.9,0,0,0
2890,04-12-2016,Adelaide,18.4,29,0,0,0,SW,48,N,NNE,22,13,66,66,1010.2,1004.9,0,0,23.5,25.2,0,4.6,1
2891,05-12-2016,Adelaide,13.5,22.7,4.6,0,0,WSW,33,S,SW,7,15,58,45,1014.3,1013.5,0,0,16.9,21.4,1,0,0
2892,06-12-2016,Adelaide,12.8,23.6,0,0,0,WSW,26,NNW,W,6,11,48,44,1016.4,1016.3,0,0,18.4,22.5,0,0,0
2893,07-12-2016,Adelaide,12.7,31.3,0,0,0,WSW,39,NE,WNW,11,17,45,40,1014.2,1008.4,0,0,21.2,28,0,8,1
2894,08-12-2016,Adelaide,15,20.7,8,0,0,SW,57,WSW,SW,24,19,66,55,1008.3,1011.3,0,0,16.2,18.4,1,0.8,0
2895,09-12-2016,Adelaide,11.6,21.5,0.8,0,0,WSW,37,SSW,SW,9,17,48,41,1022.7,1021.8,0,0,15,20.5,0,0,0
2896,10-12-2016,Adelaide,9.7,26,0,0,0,WSW,26,ENE,SW,7,13,48,31,1024.2,1022.3,0,0,17.9,25.1,0,0,0
2897,11-12-2016,Adelaide,12.3,31.2,0,0,0,WSW,28,E,WNW,7,13,46,23,1022.7,1019.3,0,0,20.6,30.2,0,0,0
2898,12-12-2016,Adelaide,16.1,36.9,0,0,0,NNW,35,N,WNW,9,15,27,10,1017,1014.1,0,0,27.6,36.2,0,0,0
2899,13-12-2016,Adelaide,20.3,35.6,0,0,0,NNW,54,N,SW,13,13,19,20,1008.5,1006.7,0,0,29.8,34.7,0,0.4,0
2900,14-12-2016,Adelaide,16,24.4,0.4,0,0,SE,39,SSE,ESE,7,9,73,42,1015.1,1014,0,0,16.6,22.4,0,0,0
2901,15-12-2016,Adelaide,12.5,23.3,0,0,0,SE,31,ESE,NE,15,6,40,26,1018.6,1015.5,0,0,16.1,21.9,0,0,0
2902,16-12-2016,Adelaide,10.3,27.6,0,0,0,WSW,30,0,WNW,0,15,52,25,1011.8,1009,0,0,18.1,26.5,0,0.4,0
2903,17-12-2016,Adelaide,14.4,21.7,0.4,0,0,WSW,46,SW,SW,15,24,75,36,1015.7,1018.2,0,0,16.7,20.3,0,0,0
2904,18-12-2016,Adelaide,9.6,27.4,0,0,0,SSW,28,E,WSW,9,13,42,30,1023.1,1018.5,0,0,17.3,24.3,0,0,0
2905,19-12-2016,Adelaide,17.2,37.1,0,0,0,WSW,41,N,W,13,19,16,12,1011.7,1007.1,0,0,26.7,36.1,0,2.2,1
2906,20-12-2016,Adelaide,14.6,22.8,2.2,0,0,WSW,35,SW,WSW,19,15,56,42,1014.3,1014.1,0,0,16.9,22.1,1,0,0
2907,21-12-2016,Adelaide,13.1,26.9,0,0,0,WSW,31,SSE,WSW,7,19,50,42,1020,1017.5,0,0,18.8,24.8,0,0,0
2908,22-12-2016,Adelaide,15.1,32.9,0,0,0,SSW,26,ENE,WSW,13,15,44,32,1018.1,1014.1,0,0,22.5,30.4,0,0,0
2909,23-12-2016,Adelaide,22.5,38.3,0,0,0,WSW,46,NNE,WSW,9,20,21,17,1011.2,1008.1,0,0,29.9,36.9,0,0,0
2910,24-12-2016,Adelaide,19.1,36.2,0,0,0,WSW,26,E,WSW,4,13,41,24,1013.5,1011.1,0,0,26.9,35.6,0,0,0
2911,25-12-2016,Adelaide,16.9,41.3,0,0,0,SW,33,E,WSW,7,15,26,15,1009.7,1006.1,0,0,30.7,39.2,0,0.2,0
2912,26-12-2016,Adelaide,22.2,28.4,0.2,0,0,SE,48,NNE,W,7,13,76,61,1010,1007.8,0,0,22.3,28.1,0,5.8,1
2913,27-12-2016,Adelaide,21.1,29.9,5.8,0,0,NNE,54,NE,E,13,9,81,78,1005.7,1000.6,0,0,22.8,25,1,61.2,1
2914,28-12-2016,Adelaide,22.5,30.1,61.2,0,0,NNE,63,NNW,SSW,13,9,89,60,998.5,1000.5,0,0,24.4,28.8,1,3,1
2915,29-12-2016,Adelaide,17.2,30.8,3,0,0,SSW,37,N,WNW,7,17,51,26,1004.2,1003,0,0,22.9,30.7,1,0.2,0
2916,30-12-2016,Adelaide,17.9,24.3,0.2,0,0,WSW,33,W,SW,15,11,75,64,1005.5,1006.1,0,0,19.1,22.6,0,0,0
2917,31-12-2016,Adelaide,18.1,25.3,0,0,0,SW,33,WSW,W,11,11,70,54,1009.1,1007.7,0,0,18.7,23.5,0,0,0
2918,01-01-2017,Adelaide,16.3,23.7,0,0,0,WSW,39,SW,SW,17,17,72,57,1011.9,1012.8,0,0,18.3,22.6,0,0.2,0
2919,02-01-2017,Adelaide,15.7,24.6,0.2,0,0,SSE,33,SE,ESE,15,17,59,42,1019.7,1018.4,0,0,18.2,23.6,0,0,0
2920,03-01-2017,Adelaide,13.6,27.8,0,0,0,SE,26,WSW,ENE,9,7,56,28,1019.9,1016.3,0,0,18.5,27.3,0,0,0
2921,04-01-2017,Adelaide,18.5,33.3,0,0,0,SE,39,WSW,ESE,6,15,43,27,1015,1012.8,0,0,25.7,32.8,0,0,0
2922,05-01-2017,Adelaide,23.5,35.8,0,0,0,ESE,50,NE,E,6,9,35,33,1012.2,1009.5,0,0,29.7,34.9,0,0,0
2923,06-01-2017,Adelaide,24,39.5,0,0,0,NNE,30,NE,ENE,9,9,34,18,1011.1,1008.2,0,0,31.4,38.3,0,0,0
2924,07-01-2017,Adelaide,31.4,40.7,0,0,0,SW,44,NE,WNW,11,19,26,17,1006.7,1003.2,0,0,34.5,39.2,0,0,0
2925,08-01-2017,Adelaide,20.9,28,0,0,0,SW,28,SW,SW,7,13,57,49,1009.8,1010.4,0,0,22.6,25.6,0,0,0
2926,09-01-2017,Adelaide,20.2,30.4,0,0,0,SW,24,ESE,WNW,6,9,70,38,1012.7,1011.3,0,0,20.9,28.9,0,0,0
2927,10-01-2017,Adelaide,19.5,29.3,0,0,0,WSW,35,NW,SW,4,15,60,50,1012.6,1011.5,0,0,23.6,26.7,0,0,0
2928,11-01-2017,Adelaide,15.8,28,0,0,0,WSW,33,S,WSW,9,19,59,50,1015.3,1013.4,0,0,20.3,25.5,0,0,0
2929,12-01-2017,Adelaide,15.7,37.2,0,0,0,WNW,39,NNE,NE,2,13,45,22,1011.2,1005.8,0,0,22,34.2,0,11.8,1
2930,13-01-2017,Adelaide,21.7,23.4,11.8,0,0,W,44,NNE,SW,6,19,95,65,1002.5,1005.5,0,0,21.9,22.4,1,7.8,1
2931,14-01-2017,Adelaide,17,23.3,7.8,0,0,WSW,37,SW,WSW,15,19,55,46,1015.2,1017,0,0,18,22.5,1,0,0
2932,15-01-2017,Adelaide,13.8,26.1,0,0,0,WSW,28,SSE,SW,7,13,62,48,1020.7,1017.3,0,0,17.8,24.9,0,0,0
2933,16-01-2017,Adelaide,15.1,36.1,0,0,0,W,26,ESE,W,2,11,46,17,1014,1010.8,0,0,23.8,34.2,0,0,0
2934,17-01-2017,Adelaide,18.7,41.1,0,0,0,SSE,41,NE,NW,2,17,30,7,1008.6,1006.3,0,0,29.1,39.9,0,0,0
2935,18-01-2017,Adelaide,18.4,27.2,0,0,0,ESE,30,S,ENE,6,9,63,34,1016.1,1013.8,0,0,19,25.8,0,0,0
2936,19-01-2017,Adelaide,18.8,38.2,0,0,0,NW,74,ENE,NNE,6,11,39,24,1009.1,1002.8,0,0,23.9,36.5,0,21,1
2937,20-01-2017,Adelaide,18.2,24.3,21,0,0,SSW,44,S,S,17,13,74,48,1005.2,1008.4,0,0,18.4,23.3,1,0,0
2938,21-01-2017,Adelaide,13.2,26.5,0,0,0,WSW,28,W,SW,4,15,61,42,1016,1013.8,0,0,18.3,25.5,0,0,0
2939,22-01-2017,Adelaide,17.3,34.2,0,0,0,N,30,NNE,W,9,13,32,24,1013.3,1009.3,0,0,25.7,32.7,0,0,0
2940,23-01-2017,Adelaide,24.5,33,0,0,0,WSW,37,NE,W,7,6,25,79,1004.9,1006.2,0,0,30.8,25.6,0,6.4,1
2941,24-01-2017,Adelaide,16.2,25.2,6.4,0,0,SSW,35,SSW,S,11,17,67,41,1017.4,1018,0,0,19.1,24.1,1,0,0
2942,25-01-2017,Adelaide,12.4,27.4,0,0,0,WSW,31,SW,WSW,2,17,51,38,1021.4,1019.3,0,0,18.8,25.6,0,0,0
2943,26-01-2017,Adelaide,13.7,28,0,0,0,SE,26,SW,SE,4,7,56,37,1020.8,1018.3,0,0,19.5,26.7,0,0,0
2944,27-01-2017,Adelaide,15.1,32.2,0,0,0,WNW,22,SW,W,4,9,62,28,1016.8,1014,0,0,20.3,30.9,0,0,0
2945,28-01-2017,Adelaide,16.2,32.3,0,0,0,WSW,26,N,SW,2,13,46,24,1014.8,1014.9,0,0,24.5,31,0,0,0
2946,29-01-2017,Adelaide,16.3,39,0,0,0,WSW,20,0,SW,0,9,42,17,1016.4,1012.9,0,0,25.3,36.9,0,0,0
2947,30-01-2017,Adelaide,24.6,28.7,0,0,0,SW,59,SW,SW,4,9,47,66,1010.2,1009.6,0,0,28.1,28.6,0,0,0
2948,31-01-2017,Adelaide,17.1,26,0,0,0,WSW,39,SSE,WSW,11,20,100,47,1016.7,1016.2,0,0,18.9,23.5,0,0,0
2949,01-02-2017,Adelaide,17,25.6,0,0,0,WSW,30,0,WSW,0,9,55,38,1016.4,1014.8,0,0,18.7,24.8,0,0,0
2950,02-02-2017,Adelaide,14.9,25.8,0,0,0,0,0,SW,SW,7,15,65,43,1019.6,1017.3,0,0,18.6,24.4,0,0,0
2951,03-02-2017,Adelaide,13.4,29.7,0,0,0,WSW,22,0,SW,0,13,57,37,1017.3,1014,0,0,19.9,28.2,0,0,0
2952,04-02-2017,Adelaide,17.5,30.2,0,0,0,WNW,28,NNE,NW,6,11,44,46,1009.9,1009.9,0,0,24.5,27.5,0,1.2,1
2953,05-02-2017,Adelaide,20.8,24.9,1.2,0,0,N,35,NNW,N,11,9,81,82,1009.5,1008.4,0,0,23.5,24.7,1,29,1
2954,06-02-2017,Adelaide,16.8,19.3,29,0,0,E,33,ESE,SE,13,7,85,71,1013.2,1014.8,0,0,17.3,18.6,1,0,0
2955,08-02-2017,Adelaide,18.6,42.4,0,0,0,NNE,35,NE,NNE,13,13,44,24,1011.8,1008.2,0,0,31.7,41.2,0,0,0
2956,09-02-2017,Adelaide,25.8,41,0,0,0,N,20,SSW,W,4,7,43,30,1008,1007.2,0,0,33.1,38.5,0,0,0
2957,10-02-2017,Adelaide,24.2,40,0,0,0,WSW,24,SSW,SW,6,9,61,36,1009.7,1007.8,0,0,29,38,0,0,0
2958,11-02-2017,Adelaide,25,34,0,0,0,SSW,33,N,S,6,15,75,44,1009.1,1008.5,0,0,26.7,32.2,0,0,0
2959,12-02-2017,Adelaide,17.2,23.4,0,0,0,S,41,S,WSW,13,19,59,36,1015.7,1015.7,0,0,17.7,21.9,0,0,0
2960,13-02-2017,Adelaide,16,24.3,0,0,0,WSW,31,SSW,SSW,15,11,60,47,1019.2,1018.2,0,0,17.4,23.3,0,0,0
2961,14-02-2017,Adelaide,15.1,28.1,0,0,0,WSW,24,ESE,SW,9,11,68,50,1020.3,1017.4,0,0,18.2,25.1,0,0,0
2962,15-02-2017,Adelaide,18.1,33.4,0,0,0,NNW,37,N,WSW,11,15,29,28,1011.9,1010,0,0,25.3,31.6,0,0,0
2963,16-02-2017,Adelaide,18.1,26.9,0,0,0,WSW,30,N,WSW,4,13,67,50,1012.2,1010.9,0,0,22.3,26,0,0,0
2964,17-02-2017,Adelaide,15.6,23.4,0,0,0,WSW,41,WSW,WSW,13,15,58,54,1013.9,1013.6,0,0,19.1,22.3,0,0,0
2965,18-02-2017,Adelaide,15.9,20.6,0,0,0,SSW,39,SW,SW,17,20,51,44,1015.9,1016.4,0,0,16.9,19.3,0,2.4,1
2966,19-02-2017,Adelaide,12.1,20.3,2.4,0,0,SW,37,NW,SSW,2,17,85,60,1017.7,1016.6,0,0,14.3,18.7,1,0.8,0
2967,20-02-2017,Adelaide,13.2,23.1,0.8,0,0,WSW,31,S,WSW,4,17,55,37,1018.9,1017.7,0,0,17.1,21.9,0,0,0
2968,21-02-2017,Adelaide,11.7,31.1,0,0,0,N,26,NE,NW,7,7,40,24,1019.2,1015,0,0,19.2,28.8,0,0,0
2969,22-02-2017,Adelaide,19.2,30.3,0,0,0,WSW,48,NNE,W,17,22,18,33,1009.2,1011.7,0,0,28.1,26.2,0,0,0
2970,23-02-2017,Adelaide,17.9,24.9,0,0,0,WSW,31,S,WSW,13,13,62,47,1020.3,1021.1,0,0,19.6,24,0,0,0
2971,24-02-2017,Adelaide,14.5,24.5,0,0,0,SSW,37,SSE,SSE,11,13,55,38,1027,1025.1,0,0,17.7,23.4,0,0,0
2972,25-02-2017,Adelaide,14.5,24.8,0,0,0,SE,35,ESE,SSE,6,13,52,35,1025.6,1022.8,0,0,17.8,23.6,0,0,0
2973,26-02-2017,Adelaide,12.2,27,0,0,0,SW,26,WSW,WSW,2,13,52,35,1021.2,1018.1,0,0,17.2,26,0,0,0
2974,27-02-2017,Adelaide,14.1,35,0,0,0,ESE,35,WSW,WSW,4,15,58,28,1018.4,1015.9,0,0,21.7,33.2,0,0,0
2975,28-02-2017,Adelaide,21.7,38.4,0,0,0,ESE,35,NE,S,9,6,22,18,1017.7,1015.7,0,0,30,36.8,0,0,0
2976,01-03-2017,Adelaide,23,38.6,0,0,0,W,26,NE,WSW,7,15,23,14,1017.7,1016.4,0,0,30.9,38.1,0,0,0
2977,02-03-2017,Adelaide,21.1,36.2,0,0,0,SE,33,NNE,SSW,4,11,46,21,1018.3,1017,0,0,26,35.9,0,0,0
2978,03-03-2017,Adelaide,18.9,34,0,0,0,ESE,30,0,E,0,9,47,24,1019.9,1017.4,0,0,25.1,32.6,0,0,0
2979,04-03-2017,Adelaide,19,32.5,0,0,0,WSW,35,0,WSW,0,20,50,26,1016.3,1014.8,0,0,24.8,31.7,0,0,0
2980,05-03-2017,Adelaide,15,26.9,0,0,0,S,39,SSE,SSE,13,13,61,41,1017.5,1015.4,0,0,19.4,26.1,0,0,0
2981,06-03-2017,Adelaide,16.7,28.8,0,0,0,SSE,30,ESE,SW,6,7,69,41,1017.6,1014.6,0,0,18.6,27.5,0,0,0
2982,07-03-2017,Adelaide,18.3,32.2,0,0,0,SW,30,0,SW,0,17,54,39,1015.6,1013.3,0,0,23.3,30.4,0,0,0
2983,08-03-2017,Adelaide,19.1,33,0,0,0,SW,31,NNE,WSW,6,15,45,29,1014.3,1012.8,0,0,23.3,31.3,0,0,0
2984,10-03-2017,Adelaide,15.1,31.5,0,0,0,0,0,0,WSW,0,11,42,19,1017.1,1015.3,0,0,20.1,30.8,0,0,0
2985,11-03-2017,Adelaide,19.2,30.7,0,0,0,WSW,37,ENE,SSE,7,2,40,35,1010.7,1007,0,0,23.9,28.6,0,1.4,1
2986,12-03-2017,Adelaide,16.9,21.7,1.4,0,0,WSW,43,NW,WSW,13,20,78,69,1004.8,1005.5,0,0,18.7,20,1,7.2,1
2987,13-03-2017,Adelaide,16.4,23.4,7.2,0,0,SSE,26,SSW,SE,9,15,74,63,1015.1,1015.4,0,0,18,21.1,1,0,0
2988,14-03-2017,Adelaide,15.2,30.2,0,0,0,WSW,26,0,WSW,0,15,72,41,1016.6,1014.2,0,0,21.5,28.8,0,0,0
2989,15-03-2017,Adelaide,19,35.4,0,0,0,0,0,NNE,WNW,7,15,40,22,1011.5,1008,0,0,26.2,33.5,0,0,0
2990,16-03-2017,Adelaide,18.2,23.3,0,0,0,WSW,44,SSW,SW,17,22,49,41,1015.3,1016.4,0,0,19.7,22.9,0,0,0
2991,17-03-2017,Adelaide,12.5,27.3,0,0,0,ESE,26,NNW,NE,6,9,53,22,1023.5,1021.2,0,0,16.5,26.3,0,0,0
2992,18-03-2017,Adelaide,12.7,33.5,0,0,0,NNE,24,0,NW,0,6,54,12,1022.2,1019.2,0,0,19.2,33.3,0,0,0
2993,19-03-2017,Adelaide,16.3,34.6,0,0,0,ESE,30,0,WSW,0,15,48,19,1017.1,1013.4,0,0,23.3,34.2,0,0,0
2994,20-03-2017,Adelaide,23.2,34.4,0,0,0,SE,41,0,N,0,11,42,83,1011.5,1010.8,0,0,26.6,23.6,0,26.8,1
2995,21-03-2017,Adelaide,21.5,29.9,26.8,0,0,E,37,SE,E,7,7,65,52,1010.3,1009.6,0,0,24.6,28.5,1,0,0
2996,22-03-2017,Adelaide,19.2,22.6,0,0,0,SE,33,SSE,SSE,9,17,73,64,1017,1016.8,0,0,19.8,21.9,0,0,0
2997,23-03-2017,Adelaide,17.7,29,0,0,0,WSW,26,SSW,ESE,2,9,75,50,1019,1015.1,0,0,18.6,28,0,0,0
2998,24-03-2017,Adelaide,18.5,32.5,0,0,0,E,30,ENE,SSE,9,6,59,49,1014.8,1011.9,0,0,24.2,32,0,0,0
2999,25-03-2017,Adelaide,20.5,27.7,0,0,0,WSW,19,NE,WSW,6,9,76,63,1013.7,1013,0,0,21.6,27,0,0,0
3000,26-03-2017,Adelaide,20.7,33.3,0,0,0,ENE,24,0,SW,0,6,72,56,1012.4,1009.3,0,0,22.9,32.9,0,0,0
3001,27-03-2017,Adelaide,20.8,23.9,0,0,0,WSW,50,WSW,WSW,17,19,62,41,1013.2,1014.9,0,0,21.6,22.9,0,0,0
3002,28-03-2017,Adelaide,13.8,24.6,0,0,0,NNW,24,N,W,9,9,69,44,1016.9,1014.3,0,0,16.4,24,0,0,0
3003,29-03-2017,Adelaide,14.3,22.7,0,0,0,SW,46,NNE,SW,7,24,79,93,1012.1,1011.6,0,0,16.6,16.2,0,4,1
3004,30-03-2017,Adelaide,10.9,19.7,4,0,0,WSW,37,SSW,S,11,11,66,46,1022.6,1023.1,0,0,13.8,17.7,1,0,0
3005,31-03-2017,Adelaide,8.8,20.1,0,0,0,SW,28,NNW,SW,6,13,71,47,1025.2,1023,0,0,13,18.4,0,0.2,0
3006,01-04-2017,Adelaide,11.4,21.6,0.2,0,0,WSW,33,WSW,SW,2,13,75,45,1025.4,1024.9,0,0,16.1,20.3,0,0,0
3007,02-04-2017,Adelaide,11.6,21,0,0,0,SSE,30,SE,SE,9,15,51,34,1031.6,1028.8,0,0,16.3,20.4,0,0,0
3008,03-04-2017,Adelaide,10.5,21.8,0,0,0,SE,30,E,S,9,11,48,31,1031.3,1027.2,0,0,15.9,21.5,0,0,0
3009,04-04-2017,Adelaide,9.8,26.9,0,0,0,SW,24,ESE,WSW,6,11,52,29,1027.2,1022.6,0,0,17.9,26.5,0,0,0
3010,05-04-2017,Adelaide,16.1,28.9,0,0,0,ESE,31,NE,ESE,9,9,30,17,1023.1,1019,0,0,22.4,26.8,0,0,0
3011,06-04-2017,Adelaide,11.4,29.4,0,0,0,NNW,22,NNE,W,6,11,32,18,1021.7,1018.5,0,0,21.6,28.8,0,0,0
3012,07-04-2017,Adelaide,14.9,30.2,0,0,0,NNW,30,N,WNW,7,11,33,17,1020.5,1016.7,0,0,23.3,29.3,0,0,0
3013,08-04-2017,Adelaide,14.4,29.1,0,0,0,N,35,NNE,SW,9,17,31,59,1016.4,1013.4,0,0,24.4,23.5,0,2.6,1
3014,09-04-2017,Adelaide,13.3,17.5,2.6,0,0,SW,63,SW,SW,20,26,44,43,1019,1020.2,0,0,15.4,16,1,0.8,0
3015,10-04-2017,Adelaide,11.7,18.9,0.8,0,0,SSW,33,SSW,SSW,13,11,54,58,1024.9,1024.2,0,0,15.6,16.8,0,0,0
3016,11-04-2017,Adelaide,9.9,20.8,0,0,0,ENE,26,SW,SE,7,13,71,51,1027.5,1024.3,0,0,15.4,20.1,0,0,0
3017,12-04-2017,Adelaide,10.9,24.2,0,0,0,WSW,20,SSW,SW,2,11,63,47,1025.9,1022.3,0,0,17.1,22.7,0,0,0
3018,13-04-2017,Adelaide,10.4,26,0,0,0,SW,24,0,SW,0,13,56,40,1025.2,1023.2,0,0,18.7,24.9,0,0,0
3019,14-04-2017,Adelaide,9.6,23.5,0,0,0,SW,22,0,SW,0,11,55,47,1025.7,1022.8,0,0,18.3,23,0,0,0
3020,15-04-2017,Adelaide,9.4,26,0,0,0,WSW,20,W,W,2,7,58,45,1021.4,1017.6,0,0,17.1,25.2,0,0,0
3021,16-04-2017,Adelaide,13.7,23.9,0,0,0,E,20,SE,WSW,4,11,55,48,1021,1019.2,0,0,17.5,22.6,0,0,0
3022,17-04-2017,Adelaide,14,27.8,0,0,0,ENE,22,N,WNW,6,7,49,30,1021.4,1018.9,0,0,20.7,27.2,0,0,0
3023,18-04-2017,Adelaide,19.6,29.2,0,0,0,E,33,NE,ENE,9,13,33,21,1023.4,1021,0,0,22.6,28.1,0,0,0
3024,19-04-2017,Adelaide,22.6,30.8,0,0,0,NNW,41,ENE,NW,11,15,33,27,1020.7,1017.8,0,0,24.9,29.4,0,0.4,0
3025,20-04-2017,Adelaide,19.1,21.4,0.4,0,0,N,20,NNE,WSW,7,13,90,85,1021.8,1018.8,0,0,19.7,21,0,4.8,1
3026,21-04-2017,Adelaide,18.2,22.6,4.8,0,0,WSW,20,SW,S,7,11,83,60,1022.5,1020.6,0,0,19,21.8,1,0.2,0
3027,22-04-2017,Adelaide,11.4,24.1,0.2,0,0,NNW,20,N,SW,2,9,67,51,1024.2,1021.4,0,0,18.3,22.6,0,0,0
3028,23-04-2017,Adelaide,15.6,24.6,0,0,0,ESE,19,E,SSW,7,7,67,55,1023.5,1020.5,0,0,20,23.2,0,3.4,1
3029,24-04-2017,Adelaide,15.4,20.4,3.4,0,0,W,26,E,NW,2,9,90,80,1017.8,1014.2,0,0,17.8,20,1,8.2,1
3030,25-04-2017,Adelaide,15.2,21,8.2,0,0,SW,52,WSW,W,13,11,74,54,1014.5,1012.1,0,0,18,19.8,1,6,1
3031,26-04-2017,Adelaide,10.2,15.8,6,0,0,SSW,59,SSW,S,13,17,54,48,1021.4,1023,0,0,12.9,15.1,1,0,0
3032,27-04-2017,Adelaide,9.6,18,0,0,0,SSW,30,E,SW,6,15,75,59,1029.3,1027.2,0,0,12.1,15.8,0,3.8,1
3033,28-04-2017,Adelaide,12,17.4,3.8,0,0,S,20,N,SW,6,11,96,66,1029.1,1027,0,0,13.8,17.1,1,2.8,1
3034,29-04-2017,Adelaide,13.5,17.6,2.8,0,0,W,13,ENE,WSW,4,4,87,65,1027.4,1025.4,0,0,14.7,17.1,1,0,0
3035,30-04-2017,Adelaide,14.6,19.7,0,0,0,NNE,26,N,WNW,9,11,61,48,1023.4,1019.6,0,0,16.6,19.1,0,0,0
3036,01-05-2017,Adelaide,11.8,18.4,0,0,0,WSW,31,NNE,SW,7,17,81,77,1017.6,1017.9,0,0,14.7,15.9,0,3,1
3037,02-05-2017,Adelaide,10,17,3,0,0,SSW,33,S,S,9,9,57,56,1025.4,1025.9,0,0,14.7,15.5,1,0.2,0
3038,03-05-2017,Adelaide,6.2,18.3,0.2,0,0,SSW,20,N,SSW,6,9,73,60,1032.1,1029.5,0,0,12,16.5,0,0,0
3039,04-05-2017,Adelaide,5.8,17.6,0,0,0,NNE,20,ENE,WSW,6,9,49,44,1031.7,1028.5,0,0,13.2,16.6,0,0,0
3040,05-05-2017,Adelaide,6.6,19.9,0,0,0,WNW,22,NE,WNW,2,7,55,31,1027.1,1023.1,0,0,13.1,19.3,0,0,0
3041,06-05-2017,Adelaide,11.5,19.9,0,0,0,SW,37,NNE,SW,4,17,61,49,1024.2,1025.4,0,0,14.1,18.3,0,0,0
3042,07-05-2017,Adelaide,8,15.3,0,0,0,SE,20,NNE,SE,4,9,61,47,1033.8,1032.1,0,0,11.5,15,0,0,0
3043,08-05-2017,Adelaide,6.8,16.9,0,0,0,E,24,E,SE,9,9,57,47,1034,1030.7,0,0,12.7,16,0,0,0
3044,09-05-2017,Adelaide,6.9,18.9,0,0,0,SW,20,NNE,WSW,7,9,67,50,1030.2,1026.3,0,0,13,18.6,0,0,0
3045,10-05-2017,Adelaide,5.7,20.5,0,0,0,N,28,N,NNE,7,7,60,37,1027.5,1023.9,0,0,13.6,19.3,0,0,0
3046,11-05-2017,Adelaide,7.3,20.7,0,0,0,WSW,15,NNE,WSW,6,9,63,34,1026.8,1024.3,0,0,12.9,19.9,0,0,0
3047,12-05-2017,Adelaide,5.7,21.4,0,0,0,ESE,20,0,ESE,0,9,57,35,1025.8,1022,0,0,13.9,20.6,0,0,0
3048,13-05-2017,Adelaide,7.8,21,0,0,0,E,24,0,E,0,7,54,35,1023.2,1021.2,0,0,15.9,20.4,0,0,0
3049,14-05-2017,Adelaide,7.3,21.2,0,0,0,WSW,22,0,SW,0,13,60,40,1023.6,1021.2,0,0,14.6,19.5,0,0,0
3050,15-05-2017,Adelaide,6.8,22.5,0,0,0,ENE,20,0,0,0,0,61,30,1021.1,1017.2,0,0,13.7,21.3,0,0,0
3051,16-05-2017,Adelaide,13.7,21,0,0,0,N,39,NE,N,9,9,28,28,1014,1011,0,0,19.5,20.5,0,1.4,1
3052,17-05-2017,Adelaide,15.6,18.2,1.4,0,0,N,37,NNE,NNE,11,11,64,88,1011.8,1012.2,0,0,17.3,15.8,1,4.6,1
3053,18-05-2017,Adelaide,10.5,20.8,4.6,0,0,E,22,N,E,2,6,54,44,1017.6,1015.5,0,0,16.5,19.9,1,0.2,0
3054,19-05-2017,Adelaide,12.2,19.5,0.2,0,0,N,20,NNE,NW,2,7,87,60,1016.5,1013.3,0,0,13.8,18.3,0,0,0
3055,20-05-2017,Adelaide,12.4,20.5,0,0,0,NW,28,NNE,NW,9,11,76,55,1016.3,1014.4,0,0,14.5,20.2,0,0,0
3056,21-05-2017,Adelaide,10.1,22.9,0,0,0,N,24,NE,NW,6,9,60,41,1018.7,1016.2,0,0,17.2,22.4,0,0,0
3057,22-05-2017,Adelaide,11.6,20.1,0,0,0,N,30,NE,NNE,7,13,47,46,1017.1,1012.2,0,0,17.9,19.6,0,1.6,1
3058,23-05-2017,Adelaide,12.5,19.3,1.6,0,0,NW,31,NNE,WNW,9,15,97,57,1018.6,1015.9,0,0,13.4,17.6,1,3.6,1
3059,24-05-2017,Adelaide,13.3,19.2,3.6,0,0,WNW,30,NNW,W,4,13,81,64,1021.4,1021.3,0,0,16,17.9,1,0.2,0
3060,25-05-2017,Adelaide,10,20.2,0.2,0,0,WSW,26,NE,W,7,15,79,53,1023.2,1020.9,0,0,14.2,19.4,0,0,0
3061,26-05-2017,Adelaide,12.5,21.9,0,0,0,NW,24,E,NW,4,13,87,36,1023,1018.1,0,0,13.9,21.6,0,0,0
3062,27-05-2017,Adelaide,11.6,20.4,0,0,0,WSW,48,NNE,NW,17,15,61,52,1015.1,1011,0,0,15,19.5,0,16.6,1
3063,28-05-2017,Adelaide,9.5,15.1,16.6,0,0,WSW,50,SW,WSW,13,19,89,58,1015.5,1015.8,0,0,11.5,14.9,1,3.8,1
3064,29-05-2017,Adelaide,7.9,15.2,3.8,0,0,W,28,N,WNW,9,13,95,93,1023.1,1021.6,0,0,10.8,14.1,1,16,1
3065,30-05-2017,Adelaide,9.7,15.1,16,0,0,S,35,S,SSE,7,11,71,40,1028.9,1029.3,0,0,12.2,14,1,0,0
3066,31-05-2017,Adelaide,4.8,15,0,0,0,E,24,0,E,0,11,68,40,1036.6,1035.2,0,0,9.4,14.4,0,0,0
3067,01-06-2017,Adelaide,2.9,15.4,0,0,0,ENE,17,ENE,SW,9,9,58,48,1037.7,1035.5,0,0,10.1,14.5,0,0,0
3068,02-06-2017,Adelaide,2.5,17.2,0,0,0,NNE,20,NW,0,2,0,70,40,1037,1033.9,0,0,8.6,17,0,0,0
3069,03-06-2017,Adelaide,2.6,18.1,0,0,0,N,17,0,SW,0,11,70,47,1033.9,1030.3,0,0,8.8,16.6,0,0,0
3070,04-06-2017,Adelaide,1.7,16.3,0,0,0,W,19,0,WSW,0,6,75,62,1030.8,1027.7,0,0,7.3,14.6,0,0,0
3071,05-06-2017,Adelaide,5.1,17.6,0,0,0,SW,19,0,SW,0,9,84,58,1029.6,1027.3,0,0,9.2,17.2,0,0,0
3072,06-06-2017,Adelaide,8.8,16.5,0,0,0,SE,24,SSW,SSW,7,4,70,45,1032.5,1030.7,0,0,12.6,16.3,0,0,0
3073,07-06-2017,Adelaide,3.5,15.5,0,0,0,SSW,19,NNE,SW,6,11,73,52,1032.7,1029.6,0,0,8.8,13.8,0,0,0
3074,08-06-2017,Adelaide,3.9,16.8,0,0,0,SSW,22,NNE,SW,2,9,85,64,1032.5,1030.8,0,0,7.5,16,0,0.2,0
3075,09-06-2017,Adelaide,6.1,15.1,0.2,0,0,SE,20,0,SSE,0,7,78,62,1036.8,1034.8,0,0,10.6,13.9,0,0,0
3076,10-06-2017,Adelaide,8.2,16.2,0,0,0,WSW,24,0,WSW,0,13,69,55,1035.6,1032.5,0,0,12.2,15.1,0,0,0
3077,11-06-2017,Adelaide,3.9,16,0,0,0,W,19,0,WSW,0,9,93,57,1031.3,1028.9,0,0,6.5,14.6,0,0,0
3078,12-06-2017,Adelaide,6.5,17.7,0,0,0,WSW,19,NNE,WSW,4,11,75,61,1031.5,1029.6,0,0,12.1,17.1,0,0,0
3079,13-06-2017,Adelaide,5.9,17.9,0,0,0,WSW,19,0,ENE,0,6,86,57,1032.1,1028.9,0,0,10.5,17.3,0,0,0
3080,14-06-2017,Adelaide,5.4,19,0,0,0,NNW,28,NE,NW,7,11,67,43,1028.9,1026.7,0,0,12.6,18.5,0,0,0
3081,15-06-2017,Adelaide,8.6,18.5,0,0,0,NNE,17,0,NNW,0,7,69,41,1027.3,1024.9,0,0,11.3,17.6,0,0.2,0
3082,16-06-2017,Adelaide,9.8,14.8,0.2,0,0,ENE,13,NE,NNE,2,7,81,66,1026.5,1023.6,0,0,11.8,14.6,0,1.4,1
3083,17-06-2017,Adelaide,6,16.8,1.4,0,0,WSW,15,0,WSW,0,7,96,63,1027.5,1026.6,0,0,9.3,16.4,1,0.2,0
3084,18-06-2017,Adelaide,8,16.9,0.2,0,0,WSW,13,0,WNW,0,7,95,66,1032.9,1030.9,0,0,10,16.2,0,0,0
3085,19-06-2017,Adelaide,5.2,19.4,0,0,0,NE,24,0,NE,0,7,82,45,1032.9,1029.2,0,0,10,18.9,0,0,0
3086,20-06-2017,Adelaide,4.9,19.1,0,0,0,N,19,NE,W,2,9,82,37,1028.4,1026.5,0,0,10.4,18.4,0,0,0
3087,21-06-2017,Adelaide,4.5,19.2,0,0,0,WSW,17,0,WSW,0,11,80,52,1029.5,1026.9,0,0,10,17.8,0,0,0
3088,22-06-2017,Adelaide,4.6,19.5,0,0,0,N,22,0,WNW,0,7,76,29,1026.9,1022.3,0,0,9.6,18.9,0,0,0
3089,23-06-2017,Adelaide,5.4,18.5,0,0,0,NNW,19,ENE,NW,4,4,58,44,1020,1017.7,0,0,11.7,17.1,0,0,0
3090,24-06-2017,Adelaide,5,17.3,0,0,0,W,17,0,SW,0,9,83,54,1020.7,1018.5,0,0,9.6,16.7,0,0,0
